epoch 1 183 128 1708 48358292.0
epoch 2 327 256 3820 9177346.0
epoch 3 357 256 4136 4941937.0
epoch 4 534 512 7276 7169395.0
epoch 5 339 256 3932 3546295.0
epoch 6 303 256 3548 2301029.0
epoch 7 288 256 3276 2189338.5
epoch 8 460 512 6160 2036827.5
epoch 9 284 256 3216 2543565.5
epoch 10 520 512 7152 1699343.25
epoch 11 180 128 1692 1005748.3125
epoch 12 405 256 4728 2928656.25
epoch 13 295 256 3324 1410495.25
epoch 14 228 128 2272 583761.375
epoch 15 496 512 6712 2718500.0
epoch 16 449 512 5912 1774196.0
epoch 17 292 256 3280 1200197.25
epoch 18 319 256 3596 904424.5625
epoch 19 642 512 8404 2231533.0
epoch 20 796 1024 12524 45923924.0
epoch 21 332 256 3884 5655401.5
epoch 22 874 1024 13420 11231558.0
epoch 23 498 512 6556 9027185.0
epoch 24 601 512 8104 6758472.0
epoch 25 514 512 7120 7210343.0
epoch 26 550 512 7420 5027830.0
epoch 27 603 512 8124 7076512.0
epoch 28 880 1024 13548 16244992.0
epoch 29 231 128 2384 6075521.0
epoch 30 664 512 8760 3068349.5
epoch 31 1037 1024 16448 18808148.0
epoch 32 486 512 6480 8918636.0
epoch 33 474 512 6536 9544970.0
epoch 34 597 512 8140 5469689.0
epoch 35 1306 1024 20668 57446720.0
epoch 36 902 1024 13848 34711076.0
epoch 37 1486 2048 26188 119176656.0
epoch 38 1026 1024 15948 55425016.0
epoch 39 912 1024 14188 55909996.0
epoch 40 916 1024 14700 72403128.0
epoch 41 568 512 7708 21040456.0
epoch 42 984 1024 15524 34652440.0
epoch 43 828 1024 12800 21057918.0
epoch 44 852 1024 13168 33516160.0
epoch 45 545 512 7384 18339924.0
epoch 46 631 512 8764 14732921.0
epoch 47 1192 1024 20172 52852380.0
epoch 48 567 512 7644 23246300.0
epoch 49 1051 1024 16572 46126592.0
epoch 50 478 512 6592 24863818.0
epoch 51 547 512 7392 16803836.0
epoch 52 928 1024 14804 30276928.0
epoch 53 1056 1024 16636 29634500.0
epoch 54 551 512 7472 16664824.0
epoch 55 750 512 11008 28880516.0
epoch 56 795 1024 12472 26978896.0
epoch 57 728 1024 11420 25862720.0
epoch 58 1042 1024 16476 25906008.0
epoch 59 1022 1024 16260 43391512.0
epoch 60 1281 2048 23500 129038352.0
epoch 61 1066 1024 16748 52925552.0
epoch 62 796 1024 12440 53386268.0
epoch 63 791 1024 12412 46988056.0
epoch 64 1043 1024 16492 44399300.0
epoch 65 549 512 7416 25723542.0
epoch 66 1033 1024 16416 50039824.0
epoch 67 521 512 7112 26880384.0
epoch 68 292 256 3308 13726791.0
epoch 69 732 1024 11664 20603758.0
epoch 70 1036 1024 16432 28357072.0
epoch 71 811 1024 12652 32122504.0
epoch 72 1014 1024 16076 34401360.0
epoch 73 987 1024 15800 83690640.0
epoch 74 593 512 8216 38624800.0
epoch 75 540 512 7344 19695792.0
epoch 76 1324 2048 23932 136491680.0
epoch 77 444 256 5548 44740288.0
epoch 78 1040 1024 16464 56291984.0
epoch 79 276 256 3164 36401456.0
epoch 80 784 1024 12364 29487300.0
epoch 81 787 1024 12380 28927306.0
epoch 82 543 512 7372 19036188.0
epoch 83 1125 1024 17868 64423696.0
epoch 84 424 512 5644 30265956.0
epoch 85 1045 1024 16528 30597524.0
epoch 86 673 1024 10704 38172672.0
epoch 87 1050 1024 16556 29957558.0
epoch 88 1050 1024 16556 80669968.0
epoch 89 922 1024 14760 89228936.0
epoch 90 814 1024 12620 59333440.0
epoch 91 1049 1024 16608 84925648.0
epoch 92 801 1024 12504 48735104.0
epoch 93 606 512 8140 29011096.0
epoch 94 542 512 7368 26983852.0
epoch 95 562 512 7580 16596428.0
epoch 96 1032 1024 16412 51284984.0
epoch 97 997 1024 15852 45584888.0
epoch 98 1033 1024 16416 60336012.0
epoch 99 1036 1024 16444 78986856.0
epoch 100 417 512 5584 48324860.0
epoch 101 669 512 9656 28993976.0
epoch 104 991 1024 15992 75892224.0
epoch 105 169 128 1536 39055432.0
epoch 106 834 1024 12892 33392984.0
epoch 107 1050 1024 16556 60017624.0
epoch 108 1008 1024 16016 51604032.0
epoch 109 529 512 7248 39055272.0
epoch 110 785 1024 12368 35109572.0
epoch 111 961 1024 15504 64230188.0
epoch 112 982 1024 15736 62021308.0
epoch 113 531 512 7260 33880788.0
epoch 114 544 512 7376 22410164.0
epoch 115 398 512 5424 22009608.0
epoch 116 796 1024 12464 15612204.0
epoch 117 1027 1024 16348 36467864.0
epoch 118 1141 1024 18060 74777144.0
epoch 119 532 512 7264 44287808.0
epoch 120 1504 2048 27148 176485472.0
epoch 121 1005 1024 16000 112219384.0
epoch 122 611 512 8924 99893512.0
epoch 123 935 1024 14852 45929360.0
epoch 126 1041 1024 16472 113184456.0
epoch 127 568 512 7624 51505984.0
epoch 128 1029 1024 16384 112065280.0
epoch 129 1013 1024 16168 83499536.0
epoch 130 931 1024 14828 97111936.0
epoch 131 1327 2048 23948 147333776.0
epoch 132 853 1024 13424 123587120.0
epoch 133 1044 1024 16524 111465792.0
epoch 134 814 1024 12620 53969896.0
epoch 135 1047 1024 16512 66690756.0
epoch 136 666 512 9116 44886584.0
epoch 137 588 512 8236 41466256.0
epoch 138 1056 1024 16600 42897800.0
epoch 139 1422 2048 25920 335555328.0
epoch 140 1439 2048 26060 285229056.0
epoch 141 1533 2048 27568 198197184.0
epoch 142 1132 1024 17904 129001272.0
epoch 143 1259 2048 23144 291145216.0
epoch 144 688 1024 10832 162905696.0
epoch 145 1035 1024 16428 114889040.0
epoch 146 925 1024 14784 151698784.0
epoch 147 853 1024 13920 116576448.0
epoch 148 531 512 7260 57327416.0
epoch 149 599 512 8344 45397564.0
epoch 150 576 512 7704 53019900.0
epoch 151 1567 2048 27868 81375168.0
epoch 152 1794 2048 32604 208067056.0
epoch 153 1332 2048 24348 380011648.0
epoch 154 869 1024 14064 183861920.0
epoch 155 548 512 7424 102413936.0
epoch 156 923 1024 14268 91589744.0
epoch 157 1042 1024 16476 85458528.0
epoch 158 915 1024 14684 122176128.0
epoch 159 1043 1024 16516 66231828.0
epoch 160 1169 1024 18776 96395536.0
epoch 161 1017 1024 16200 87386624.0
epoch 162 1040 1024 16464 83626552.0
epoch 163 753 1024 11672 80898216.0
epoch 164 936 1024 14940 57425252.0
epoch 165 984 1024 15688 67891760.0
epoch 166 975 1024 15688 128046848.0
epoch 167 935 1024 14852 83534624.0
epoch 168 1031 1024 16408 73909960.0
epoch 169 901 1024 14504 76526032.0
epoch 170 1537 2048 27600 191690848.0
epoch 171 961 1024 15340 129420816.0
epoch 172 1054 1024 16588 54283124.0
epoch 173 1547 2048 27692 190717632.0
epoch 174 481 512 6608 116700432.0
epoch 175 1026 1024 16344 90867488.0
epoch 176 982 1024 15724 100509256.0
epoch 177 1933 2048 35136 215892768.0
epoch 178 1066 1024 16700 138032896.0
epoch 179 1036 1024 16444 115880016.0
epoch 180 1554 2048 27752 301791648.0
epoch 181 1564 2048 27844 232274752.0
epoch 182 1522 2048 27416 365696320.0
epoch 183 1645 2048 29176 315040800.0
epoch 184 815 1024 12684 229599024.0
epoch 185 2072 2048 37016 266984448.0
epoch 186 1485 2048 26928 492145088.0
epoch 187 582 512 7784 186168992.0
epoch 188 1056 1024 16600 145314176.0
epoch 189 1068 1024 16712 112232336.0
epoch 190 172 128 1564 82272368.0
epoch 191 475 512 6540 46316224.0
epoch 192 1630 2048 28852 107545952.0
epoch 193 1055 1024 16652 87464232.0
epoch 194 1033 1024 16392 75626312.0
epoch 195 630 512 8412 52713856.0
epoch 196 1834 2048 32068 183522240.0
epoch 197 1012 1024 16172 159093664.0
epoch 198 531 512 7260 85396320.0
epoch 199 485 256 5944 36617968.0
epoch 200 1123 1024 17708 44810676.0
epoch 201 557 512 7496 66121080.0
epoch 202 727 1024 11292 71736928.0
epoch 203 1682 2048 30044 208229872.0
epoch 204 1000 1024 15880 131499440.0
epoch 205 683 1024 10780 108288232.0
epoch 206 1892 2048 33752 153143840.0
epoch 207 1127 1024 17756 80661752.0
epoch 208 1047 1024 16540 116422216.0
epoch 209 1346 2048 24528 159305088.0
epoch 210 902 1024 14396 163322640.0
epoch 211 1047 1024 16540 74966864.0
epoch 212 562 512 7580 74104240.0
epoch 213 1032 1024 16412 92577088.0
epoch 214 1016 1024 16220 88523016.0
epoch 215 1691 2048 31148 297635136.0
epoch 216 1584 2048 28056 184620576.0
epoch 217 600 512 8072 171095968.0
epoch 218 1935 2048 35148 301711808.0
epoch 219 796 1024 12464 143402816.0
epoch 220 1051 1024 16572 158910816.0
epoch 221 1698 2048 31196 257173440.0
epoch 222 652 1024 10532 141493616.0
epoch 223 1032 1024 16412 113886232.0
epoch 224 1073 1024 16796 73746736.0
epoch 225 946 1024 15004 137799488.0
epoch 226 1054 1024 16588 83730592.0
epoch 227 1012 1024 16160 108185728.0
epoch 228 1164 1024 18244 78064528.0
epoch 229 1527 2048 27452 180646112.0
epoch 230 1141 1024 17688 137557280.0
epoch 231 832 1024 12776 97820752.0
epoch 232 2047 2048 36812 160848816.0
epoch 233 1333 2048 23992 203446000.0
epoch 234 1070 1024 16724 144446624.0
epoch 235 1542 2048 27628 306944480.0
epoch 236 1774 2048 32332 427115840.0
epoch 237 1939 2048 35168 452629760.0
epoch 238 1753 2048 32160 422012512.0
epoch 239 597 512 7932 218271424.0
epoch 240 1024 1024 16276 130852712.0
epoch 241 1544 2048 27676 291618496.0
epoch 242 599 512 8092 127791288.0
epoch 243 1895 2048 34236 269127872.0
epoch 244 1030 1024 16328 166544160.0
epoch 245 549 512 7440 160299648.0
epoch 246 799 1024 12492 87342488.0
epoch 247 1061 1024 16664 70324096.0
epoch 248 1517 2048 27252 320203584.0
epoch 249 789 1024 12392 281971232.0
epoch 250 1035 1024 16428 147069936.0
epoch 251 1544 2048 27676 215336976.0
epoch 252 991 1024 15820 184757152.0
epoch 253 1552 2048 27740 135413408.0
epoch 254 953 1024 15424 114659624.0
epoch 255 1086 1024 17036 105984128.0
epoch 256 1040 1024 16464 113278712.0
epoch 257 1127 1024 18180 69017480.0
epoch 258 1041 1024 16472 71477456.0
epoch 259 1491 2048 26972 147666480.0
epoch 260 1056 1024 16600 146684848.0
epoch 261 1048 1024 16520 90861056.0
epoch 262 558 512 7532 57712256.0
epoch 263 1539 2048 27636 124114928.0
epoch 264 993 1024 15832 102474160.0
epoch 265 1533 2048 27512 147615904.0
epoch 266 2053 2048 36880 258878512.0
epoch 267 870 1024 13340 224301280.0
epoch 268 1550 2048 27720 224921920.0
epoch 269 443 512 5868 239164960.0
epoch 270 1545 2048 27680 195468832.0
epoch 271 709 512 10416 95445648.0
epoch 272 1619 2048 28556 179225616.0
epoch 273 1816 2048 32904 350704000.0
epoch 274 1771 2048 31356 372261120.0
epoch 275 787 1024 12380 275841024.0
epoch 276 1790 2048 32648 334261600.0
epoch 277 1889 2048 33800 252377984.0
epoch 278 608 512 8400 246613536.0
epoch 279 1038 1024 16456 190079248.0
epoch 280 1618 2048 28552 185415888.0
epoch 281 1032 1024 16384 199211152.0
epoch 282 1519 2048 27388 253929280.0
epoch 283 1582 2048 28044 326606016.0
epoch 284 612 512 8208 194023984.0
epoch 285 1326 2048 23884 155913248.0
epoch 286 1555 2048 27756 118346984.0
epoch 287 1022 1024 16260 120715664.0
epoch 288 958 1024 15240 140994848.0
epoch 289 442 512 5864 89791248.0
epoch 290 875 1024 14304 136898112.0
epoch 291 570 512 7660 66842040.0
epoch 292 1453 2048 26216 109617136.0
epoch 293 2090 2048 37244 174394432.0
epoch 294 1049 1024 16552 142514208.0
epoch 295 1053 1024 16584 113020400.0
epoch 296 1027 1024 16300 136828576.0
epoch 297 518 512 7084 76477760.0
epoch 298 951 1024 14984 72035648.0
epoch 299 601 512 8112 45161532.0
epoch 300 1068 1024 16760 59056512.0
epoch 301 1023 1024 16268 73901088.0
epoch 302 1117 1024 17608 55244552.0
epoch 303 2544 4096 51980 1418496000.0
epoch 304 1034 1024 16420 634976512.0
epoch 305 718 1024 11568 660224128.0
epoch 306 1035 1024 16428 266465568.0
epoch 307 1044 1024 16496 221083536.0
epoch 308 1070 1024 16780 90208208.0
epoch 309 1563 2048 27836 103258216.0
epoch 310 1456 2048 26200 267779008.0
epoch 311 1978 2048 35584 224934816.0
epoch 312 1934 2048 35132 374203456.0
epoch 313 1031 1024 16408 454036736.0
epoch 314 1008 1024 16044 287309184.0
epoch 315 1735 2048 31980 373131648.0
epoch 316 1530 2048 27468 251528608.0
epoch 317 1566 2048 27852 231462176.0
epoch 318 1305 2048 23716 207436992.0
epoch 319 1931 2048 35116 260494304.0
epoch 320 1057 1024 16688 292870912.0
epoch 321 591 512 8012 119637520.0
epoch 322 1960 2048 35428 214510528.0
epoch 323 1024 1024 16332 161367408.0
epoch 324 1848 2048 32248 181811488.0
epoch 325 801 1024 12504 143972352.0
epoch 326 1644 2048 28808 207616048.0
epoch 327 2062 2048 36940 382617376.0
epoch 328 786 512 11368 247334592.0
epoch 329 909 1024 14136 179263936.0
epoch 330 2601 4096 52584 582075904.0
epoch 331 1607 2048 28444 243285568.0
epoch 332 1026 1024 16368 337013344.0
epoch 333 793 1024 12448 211949280.0
epoch 334 1804 2048 32828 350265344.0
epoch 335 1040 1024 16476 204966608.0
epoch 336 749 1024 11816 190314736.0
epoch 337 2003 2048 36196 209520736.0
epoch 338 1559 2048 27804 521205760.0
epoch 339 1062 1024 16668 140987216.0
epoch 340 1934 2048 35144 461262016.0
epoch 341 985 1024 15740 232031328.0
epoch 342 1950 2048 35276 211934592.0
epoch 343 1052 1024 16624 195979168.0
epoch 344 1115 1024 17596 69029264.0
epoch 345 1824 2048 32984 156314432.0
epoch 346 1033 1024 16416 177405248.0
epoch 347 1913 2048 34912 256653664.0
epoch 348 1571 2048 28060 194873536.0
epoch 349 2332 4096 48316 1277767040.0
epoch 350 1642 2048 29156 397757408.0
epoch 351 1751 2048 32124 423803584.0
epoch 352 1810 2048 32888 380908704.0
epoch 353 1462 2048 26672 695618816.0
epoch 354 2076 2048 37124 468735424.0
epoch 355 491 512 6732 317146432.0
epoch 356 1941 2048 35192 230540832.0
epoch 357 1869 2048 33608 302149792.0
epoch 358 1593 2048 28152 215954400.0
epoch 359 1146 1024 17668 192476160.0
epoch 360 1942 2048 35224 400299776.0
epoch 361 1701 2048 31224 341385792.0
epoch 362 1968 2048 35480 405740416.0
epoch 363 669 512 8920 362857536.0
epoch 364 1034 1024 16340 105358608.0
epoch 365 1116 1024 17352 91910256.0
epoch 366 2479 4096 50828 713065792.0
epoch 367 1557 2048 27768 345688000.0
epoch 368 2013 2048 36352 533782720.0
epoch 369 1911 2048 34780 825788544.0
epoch 370 2082 2048 37192 417698656.0
epoch 371 987 1024 15848 787738880.0
epoch 372 929 1024 14808 383066144.0
epoch 373 1012 1024 15800 262491088.0
epoch 374 2049 2048 36824 375904736.0
epoch 375 1335 2048 24028 283632768.0
epoch 376 2973 4096 59904 1267641600.0
epoch 377 2041 2048 36768 756849536.0
epoch 378 978 1024 15644 646161792.0
epoch 379 1807 2048 32844 680464576.0
epoch 380 2076 2048 37148 458128160.0
epoch 381 2042 2048 36776 647234240.0
epoch 382 1821 2048 32968 493489728.0
epoch 383 2057 2048 36904 750188928.0
epoch 384 1411 2048 25812 615043072.0
epoch 385 1121 1024 17436 408206112.0
epoch 386 1045 1024 16504 361168512.0
epoch 387 1773 2048 32508 419913280.0
epoch 388 1031 1024 16380 184529168.0
epoch 389 2029 2048 36488 384088128.0
epoch 390 1486 2048 26696 442879552.0
epoch 391 1561 2048 27816 219023824.0
epoch 392 1530 2048 26628 550712768.0
epoch 393 1018 1024 16204 302782816.0
epoch 394 1551 2048 27724 439789760.0
epoch 395 1186 1024 18448 179937680.0
epoch 396 1438 2048 26056 299799232.0
epoch 397 2691 4096 54024 1825426176.0
epoch 398 1486 2048 26944 1352022528.0
epoch 399 1682 2048 31064 825145984.0
epoch 400 929 1024 14804 677514816.0
epoch 401 785 1024 12368 291688256.0
epoch 402 1070 1024 16780 149246176.0
epoch 403 989 1024 15616 146873312.0
epoch 404 1081 1024 16888 128556384.0
epoch 405 1037 1024 16392 122039208.0
epoch 406 1569 2048 27896 152720544.0
epoch 407 543 512 7372 121953280.0
epoch 408 326 256 3672 56412200.0
epoch 409 1004 1024 15744 16430278.0
epoch 410 1131 1024 17540 51575936.0
epoch 411 1048 1024 16604 91724032.0
epoch 412 1879 2048 34456 489354816.0
epoch 413 1090 1024 17144 369225792.0
epoch 414 1787 2048 32604 352714624.0
epoch 415 1076 1024 16824 310026944.0
epoch 416 1113 1024 17576 230906944.0
epoch 417 801 1024 12504 202086800.0
epoch 418 1074 1024 16828 93244072.0
epoch 419 1042 1024 16476 114889272.0
epoch 420 1070 1024 16780 133515672.0
epoch 421 1555 2048 27748 154404128.0
epoch 422 1968 2048 35480 169851072.0
epoch 423 1050 1024 16556 165665376.0
epoch 424 1281 1024 19720 350904768.0
epoch 425 980 1024 15488 133827336.0
epoch 426 1130 1024 17532 157097712.0
epoch 427 1041 1024 16472 63506560.0
epoch 428 1666 2048 29236 119962992.0
epoch 429 1988 2048 36076 279964224.0
epoch 430 1959 2048 35420 239639536.0
epoch 431 1297 1024 21592 333935072.0
epoch 432 1373 2048 25264 330526848.0
epoch 433 1022 1024 16320 212205120.0
epoch 434 2045 2048 36744 248450208.0
epoch 435 1108 1024 17176 323634112.0
epoch 436 960 1024 15500 211108576.0
epoch 437 1563 2048 27824 129409800.0
epoch 438 1934 2048 35132 509822976.0
epoch 439 2061 2048 36936 235051088.0
epoch 440 1047 1024 16540 208594848.0
epoch 441 1071 1024 16796 135006496.0
epoch 442 2323 4096 48220 837909248.0
epoch 443 1864 2048 33460 425109824.0
epoch 444 1944 2048 35236 630977216.0
epoch 445 2082 2048 37192 321654400.0
epoch 446 2044 2048 36764 557074112.0
epoch 447 1681 2048 31056 659146752.0
epoch 448 1199 1024 18596 388382144.0
epoch 449 794 1024 12456 477815200.0
epoch 450 1098 1024 17196 238113056.0
epoch 451 1991 2048 36092 259613504.0
epoch 452 280 256 3196 168937696.0
epoch 453 1225 1024 19000 83819544.0
epoch 454 1585 2048 28184 226729232.0
epoch 455 1792 2048 32684 210591104.0
epoch 456 964 1024 15520 219404128.0
epoch 457 1037 1024 16324 77722848.0
epoch 458 1850 2048 32260 248639008.0
epoch 459 2971 4096 59812 1163210752.0
epoch 460 953 1024 15080 585645440.0
epoch 461 1545 2048 27680 788963904.0
epoch 462 1529 2048 27128 581698560.0
epoch 463 2005 2048 36240 486929440.0
epoch 464 2324 2048 41172 468842688.0
epoch 465 1000 1024 15544 451783200.0
epoch 466 1083 1024 16900 127033456.0
epoch 467 1191 1024 19036 104174256.0
epoch 468 2538 4096 51816 690284544.0
epoch 469 1764 2048 32412 726021120.0
epoch 470 1828 2048 33040 801590400.0
epoch 471 1911 2048 34780 438189568.0
epoch 472 1854 2048 33480 786504064.0
epoch 473 1232 1024 19544 197428800.0
epoch 474 606 512 8140 120423800.0
epoch 475 1119 1024 17436 223253472.0
epoch 476 1590 2048 28124 128936912.0
epoch 477 2055 2048 36768 317257088.0
epoch 478 1700 2048 30200 410689728.0
epoch 479 1575 2048 27996 526655712.0
epoch 480 2035 2048 36652 271640768.0
epoch 481 2006 2048 36220 282667520.0
epoch 482 1771 2048 32488 945164608.0
epoch 483 1988 2048 36008 798179648.0
epoch 484 1044 1024 16500 581864448.0
epoch 485 1567 2048 27860 267236864.0
epoch 486 1653 2048 29144 495126016.0
epoch 487 1582 2048 28044 378645184.0
epoch 488 2118 2048 37548 281652384.0
epoch 489 1081 1024 16888 221757872.0
epoch 490 2058 2048 36920 284373824.0
epoch 491 1236 1024 19852 224446368.0
epoch 492 1565 2048 27848 323783360.0
epoch 493 1180 1024 18376 197723488.0
epoch 494 1880 2048 34460 259683376.0
epoch 495 1822 2048 32972 281628736.0
epoch 496 1991 2048 36092 334949952.0
epoch 497 1494 2048 26748 1127006464.0
epoch 498 1517 2048 27264 393648896.0
epoch 499 2759 4096 56556 1160160512.0
epoch 500 662 512 9112 650316224.0
epoch 1 1175 1024 18820 518705088.0
epoch 2 956 1024 15108 222067440.0
epoch 3 1632 2048 28888 386933568.0
epoch 4 1894 2048 33884 526279808.0
epoch 5 1092 1024 16984 241735440.0
epoch 6 1297 2048 23632 321521472.0
epoch 7 1820 2048 32960 194003456.0
epoch 8 730 512 9916 220834144.0
epoch 9 2052 2048 36864 125004352.0
epoch 10 2027 2048 36588 127902992.0
epoch 11 1374 1024 23408 310899648.0
epoch 12 1860 2048 33524 163150560.0
epoch 13 1949 2048 35272 444601536.0
epoch 14 840 1024 13084 358040160.0
epoch 15 1052 1024 16604 196852928.0
epoch 16 2069 2048 37016 142798448.0
epoch 17 1559 2048 27804 198553888.0
epoch 18 973 1024 15664 319185472.0
epoch 19 919 1024 14744 190993552.0
epoch 20 1545 2048 27680 195034528.0
epoch 21 1502 2048 27068 99031528.0
epoch 22 1507 2048 27116 202415152.0
epoch 23 1304 1024 21668 467251328.0
epoch 24 1058 1024 16680 308212288.0
epoch 25 1923 2048 35072 340256192.0
epoch 26 1755 2048 32172 363763200.0
epoch 27 1047 1024 16512 154744544.0
epoch 28 2976 4096 59864 924228160.0
epoch 29 1747 2048 32092 690649856.0
epoch 30 1943 2048 35204 410156224.0
epoch 31 1078 1024 16860 282186624.0
epoch 32 2884 4096 57944 1339797248.0
epoch 33 2753 4096 56524 2233310208.0
epoch 34 2357 4096 49436 3782460672.0
epoch 35 1261 2048 23096 1899844608.0
epoch 36 1796 2048 32736 1126640896.0
epoch 37 1826 2048 33004 1716620032.0
epoch 38 1097 1024 17080 869336192.0
epoch 39 1565 2048 27848 741850368.0
epoch 40 1582 2048 28044 522209408.0
epoch 41 1372 1024 21632 592823104.0
epoch 42 1283 2048 23508 1126466176.0
epoch 43 1863 2048 33564 659133248.0
epoch 44 2530 4096 51688 3933432576.0
epoch 45 1520 2048 27224 1976646144.0
epoch 46 1303 2048 23676 1336908672.0
epoch 47 1103 1024 17236 993200960.0
epoch 48 1851 2048 33644 798862848.0
epoch 49 1529 2048 27488 779149056.0
epoch 50 1752 2048 31880 1149429504.0
epoch 51 1066 1024 16872 435044992.0
epoch 52 827 1024 12796 428193120.0
epoch 53 1918 2048 35008 425596384.0
epoch 54 1298 2048 23640 372830272.0
epoch 55 1101 1024 17248 232020320.0
epoch 56 1047 1024 16516 152923344.0
epoch 57 3094 4096 61596 870967616.0
epoch 58 2042 2048 36728 1744662528.0
epoch 59 1753 2048 32160 1442447360.0
epoch 60 1812 2048 32884 1191002496.0
epoch 61 2160 2048 38424 665175552.0
epoch 62 560 512 7512 441797248.0
epoch 63 2767 4096 55628 718087936.0
epoch 64 1086 1024 16940 295177568.0
epoch 65 1859 2048 33784 539922432.0
epoch 66 2061 2048 36936 413631616.0
epoch 67 1411 2048 25812 941553536.0
epoch 68 1756 2048 31936 499768704.0
epoch 69 2088 2048 37176 790576384.0
epoch 70 1554 2048 27740 480978048.0
epoch 71 1029 1024 16312 453174176.0
epoch 72 994 1024 15836 191199296.0
epoch 73 1881 2048 34440 460632256.0
epoch 74 2167 2048 38376 301152544.0
epoch 75 1118 1024 17364 381251520.0
epoch 76 2041 2048 36768 499454528.0
epoch 77 2061 2048 36936 893746496.0
epoch 78 1550 2048 27720 720769152.0
epoch 79 1066 1024 16700 561187328.0
epoch 80 1300 2048 23648 523621984.0
epoch 81 1601 2048 28232 501014912.0
epoch 82 1027 1024 16348 240114048.0
epoch 83 1610 2048 28460 148330400.0
epoch 84 928 1024 14860 309217920.0
epoch 85 1194 1024 18556 104755360.0
epoch 86 2730 4096 55852 1752246784.0
epoch 87 2059 2048 36924 736400704.0
epoch 88 1697 2048 31192 1106982656.0
epoch 89 1090 1024 17032 808197440.0
epoch 90 1544 2048 27616 539647680.0
epoch 91 1130 1024 17500 226012736.0
epoch 92 1533 2048 27580 382932448.0
epoch 93 1454 2048 26360 744874112.0
epoch 94 2192 2048 39256 282196352.0
epoch 95 921 1024 14728 620444288.0
epoch 96 1817 2048 31916 297879360.0
epoch 97 453 512 6064 275553152.0
epoch 98 1596 2048 28168 245760864.0
epoch 99 1545 2048 27656 194509200.0
epoch 100 999 1024 15708 195335200.0