epoch 1 174 128 1588 1421920.5
epoch 2 186 128 1884 2539157.75
epoch 3 190 128 1904 3171011.0
epoch 4 408 512 5444 11577521.0
epoch 5 192 128 1744 8025996.5
epoch 6 149 128 1368 6225357.0
epoch 7 218 128 2184 5679945.0
epoch 8 226 128 2272 5297213.0
epoch 9 146 128 1344 3920798.5
epoch 10 343 256 4204 5343100.0
epoch 11 233 256 2548 4950951.0
epoch 12 319 256 3596 6034263.0
epoch 13 287 256 3268 6185780.0
epoch 14 165 128 1504 4661129.0
epoch 15 142 128 1264 3323567.75
epoch 16 276 256 3164 4136742.25
epoch 17 277 256 3168 4409620.5
epoch 18 249 256 2720 4168122.0
epoch 19 269 256 3088 4768152.0
epoch 20 490 512 6696 9726574.0
epoch 21 241 256 2640 7429392.0
epoch 22 182 128 1824 4912544.0
epoch 23 383 512 5236 7004648.5
epoch 24 181 128 1648 5150076.0
epoch 25 289 256 3280 4712060.0
epoch 26 198 128 1836 4028107.0
epoch 27 293 256 3304 4085083.5
epoch 28 156 128 1360 2806360.0
epoch 29 295 256 3324 3737168.75
epoch 30 186 128 1676 2848171.0
epoch 31 425 512 5696 5890339.0
epoch 32 186 128 1760 4053548.0
epoch 33 271 256 3052 3699066.75
epoch 34 146 128 1316 2744452.0
epoch 35 279 256 3180 3176046.75
epoch 36 420 512 5600 5906508.0
epoch 37 241 256 2640 4637935.5
epoch 38 350 256 4040 5530406.0
epoch 39 237 128 2416 4376250.0
epoch 40 345 256 4000 4876849.5
epoch 41 381 512 5104 6841444.0
epoch 42 296 256 3388 6898846.5
epoch 43 162 128 1488 4085006.5
epoch 44 239 256 2628 3331451.0
epoch 45 412 512 5520 5252588.0
epoch 46 131 64 1020 3453009.5
epoch 47 232 256 2556 3091050.0
epoch 48 312 256 3520 3320494.25
epoch 49 425 512 5664 5365131.5
epoch 50 113 64 876 3651114.25
epoch 51 196 128 1836 2731655.5
epoch 52 277 256 3168 2616974.5
epoch 53 159 128 1436 2400685.5
epoch 54 302 256 3388 2612463.5
epoch 55 235 128 2332 2722923.0
epoch 56 390 512 5312 5018708.0
epoch 57 241 128 2392 3421471.75
epoch 58 296 256 3328 3733631.0
epoch 59 222 128 2156 2565703.5
epoch 60 217 256 2416 2852787.75
epoch 61 217 128 2200 2311700.5
epoch 62 195 128 1772 1925426.75
epoch 63 246 256 2736 2310025.25
epoch 64 220 128 2220 2091988.125
epoch 65 317 256 3584 2577714.0
epoch 66 423 256 5120 4268641.0
epoch 67 191 128 1724 2996176.0
epoch 68 359 256 4404 4149943.5
epoch 69 242 256 2632 3306504.0
epoch 70 313 256 3552 3659410.5
epoch 71 212 128 1960 2741831.5
epoch 72 348 256 3904 3643978.0
epoch 73 312 256 3464 3888911.75
epoch 74 182 128 1644 2548592.75
epoch 75 328 256 3656 3090804.5
epoch 76 354 512 4816 5051929.0
epoch 77 220 128 2024 2706544.25
epoch 78 278 256 3116 2740666.5
epoch 79 261 128 2616 3131383.25
epoch 80 151 128 1296 1861975.875
epoch 81 224 256 2464 1915130.5
epoch 82 288 256 3264 2164727.0
epoch 83 165 128 1504 2014177.75
epoch 84 327 256 3676 2388997.5
epoch 85 251 256 2764 2395767.0
epoch 86 326 256 3644 2436797.5
epoch 87 193 128 1808 2007314.25
epoch 88 286 256 3132 2035012.0
epoch 89 520 512 6984 6076670.5
epoch 90 451 512 5932 8811848.0
epoch 91 199 128 1852 4017762.0
epoch 92 361 256 4120 4135082.0
epoch 93 178 128 1680 3490701.5
epoch 94 410 512 5500 4674570.0
epoch 95 319 256 3596 3930013.5
epoch 96 391 512 5180 5900690.0
epoch 97 433 512 5704 7561181.0
epoch 98 321 256 3608 5756654.0
epoch 99 266 256 2892 4123293.5
epoch 100 167 128 1516 2931686.25
epoch 101 171 128 1548 2490694.75
epoch 102 282 256 3232 2670344.25
epoch 103 281 128 2828 2268414.5
epoch 104 275 256 3100 2246744.25
epoch 105 457 512 5964 4396317.0
epoch 106 439 512 5788 6681922.5
epoch 107 253 128 2476 3556958.0
epoch 108 303 256 3404 4016030.0
epoch 109 384 512 5132 5432416.5
epoch 110 256 256 2816 3651095.5
epoch 111 302 256 3372 3584817.0
epoch 112 450 512 5916 5993163.0
epoch 113 239 256 2652 4681789.0
epoch 114 216 128 2048 3151872.25
epoch 115 159 128 1436 2318806.0
epoch 116 458 512 5996 3444124.25
epoch 117 355 512 4812 5495580.0
epoch 118 321 256 3604 3911055.75
epoch 119 265 256 2912 3839909.5
epoch 120 445 512 5876 5007065.0
epoch 121 545 512 7260 6608198.0
epoch 122 216 128 2160 4865439.0
epoch 123 307 256 3424 3445774.5
epoch 124 431 256 5260 4874883.0
epoch 125 412 512 5520 8284578.5
epoch 126 178 128 1764 4417914.0
epoch 127 356 256 4128 4334995.0
epoch 128 135 64 1068 2663065.75
epoch 129 132 64 1052 2155930.0
epoch 130 317 256 3584 2325317.5
epoch 131 448 512 5848 3212528.75
epoch 132 296 256 3328 3668372.75
epoch 133 317 256 3560 3319305.0
epoch 134 236 256 2576 2841630.0
epoch 135 259 256 2940 2773520.5
epoch 136 462 512 6028 4391351.0
epoch 137 234 256 2568 3449614.5
epoch 138 223 128 2208 2206681.5
epoch 139 253 256 2776 2091564.375
epoch 140 205 128 1920 1915660.25
epoch 141 291 256 3172 1560937.875
epoch 142 472 512 6152 3168715.5
epoch 143 221 128 2028 1942519.5
epoch 144 210 128 1924 1342930.875
epoch 145 309 256 3616 2067081.5
epoch 146 264 256 2880 1695810.5
epoch 147 256 256 2800 1700497.0
epoch 148 278 256 3004 1401668.5
epoch 149 249 256 2752 1708410.25
epoch 150 185 128 1668 988963.4375
epoch 151 542 512 7340 3542042.0
epoch 152 251 256 2704 2128277.75
epoch 153 394 512 5316 4061951.0
epoch 154 293 256 3312 3243842.25
epoch 155 303 256 3460 2826741.25
epoch 156 304 256 3456 2266723.5
epoch 157 299 256 3344 2019644.0
epoch 158 432 512 5712 3700049.25
epoch 159 443 512 5840 3599938.5
epoch 160 308 128 3216 3456243.0
epoch 161 333 256 3812 2713628.0
epoch 162 304 256 3408 2640773.25
epoch 163 305 256 3388 2368753.5
epoch 164 335 256 3728 2410759.5
epoch 165 536 512 7300 6079236.0
epoch 166 237 256 2592 3697909.0
epoch 167 431 512 5680 3645302.0
epoch 168 268 256 3024 3398170.0
epoch 169 300 256 3360 2889352.75
epoch 170 297 256 3360 3139216.5
epoch 171 171 128 1548 1995181.0
epoch 172 582 512 7804 4688889.5
epoch 173 291 256 3264 3167629.0
epoch 174 243 128 2412 2870718.25
epoch 175 428 512 5664 4296776.5
epoch 176 297 256 3336 3595136.25
epoch 177 411 512 5516 4993583.5
epoch 178 340 256 3864 3487917.0
epoch 179 276 256 2992 3449914.25
epoch 180 460 512 6128 6587440.5
epoch 181 292 256 3356 6130953.5
epoch 182 364 512 4880 4758219.5
epoch 183 163 128 1484 3161712.5
epoch 184 265 256 3008 2920413.25
epoch 185 298 256 3340 2464251.25
epoch 186 317 256 3696 3557139.5
epoch 187 221 256 2448 3018130.25
epoch 188 339 256 3932 2892890.5
epoch 189 344 256 3968 2924063.5
epoch 190 292 256 3296 2858831.25
epoch 191 257 256 2824 2427965.5
epoch 192 321 256 3608 2511527.75
epoch 193 187 128 1680 1607679.75
epoch 194 321 256 3608 2221662.0
epoch 195 310 256 3508 2467107.0
epoch 196 290 256 3228 1914516.25
epoch 197 303 256 3376 1894785.625
epoch 198 282 256 3204 2475246.5
epoch 199 375 256 4168 3736365.5
epoch 200 409 512 5504 5719936.0
epoch 201 404 512 5468 8659188.0
epoch 202 330 256 3692 3907261.5
epoch 203 244 256 2668 3954730.5
epoch 204 319 256 3692 2832956.5
epoch 205 354 256 4060 2603218.0
epoch 206 363 512 4876 3432850.0
epoch 207 310 256 3500 2157188.25
epoch 208 303 256 3376 2237115.0
epoch 209 468 512 6144 4352492.5
epoch 210 327 256 3648 3612110.5
epoch 211 435 512 5728 4346304.5
epoch 212 233 256 2560 3736190.75
epoch 213 439 512 5820 5116292.5
epoch 214 208 128 2032 3060639.0
epoch 215 384 256 4376 3808329.75
epoch 216 686 1024 10824 14847766.0
epoch 217 351 256 4044 8689118.0
epoch 218 206 128 2024 5784480.0
epoch 219 367 512 4908 5648670.0
epoch 220 308 256 3612 5812782.0
epoch 221 239 256 2604 3721528.25
epoch 222 368 512 4912 4319073.0
epoch 223 320 256 3628 5309595.5
epoch 224 373 256 4472 3995145.5
epoch 225 329 256 3660 3072413.0
epoch 226 313 256 3552 4256300.5
epoch 227 302 256 3400 3792352.0
epoch 228 237 256 2608 2554673.0
epoch 229 317 256 3548 2212243.5
epoch 230 172 128 1552 2082419.875
epoch 231 561 512 7576 3808707.25
epoch 232 478 512 6568 9116007.0
epoch 233 365 256 4380 4383900.0
epoch 234 298 256 3368 4857551.5
epoch 235 407 512 5468 5767079.0
epoch 236 481 512 6608 7751652.0
epoch 237 460 512 6160 9236184.0
epoch 238 440 512 5768 5997229.0
epoch 239 321 256 3592 5391660.0
epoch 240 283 256 3212 5067212.0
epoch 241 376 512 5052 5964147.5
epoch 242 315 256 3564 4047410.0
epoch 243 245 256 2672 3307418.0
epoch 244 452 512 5952 5049263.0
epoch 245 536 512 7240 6567061.0
epoch 246 241 256 2640 4698021.0
epoch 247 325 256 3808 4702291.5
epoch 248 593 512 8024 6863146.5
epoch 249 497 512 6800 8946195.0
epoch 250 383 512 5068 6861933.5
epoch 251 452 512 6024 6607674.5
epoch 252 244 128 2416 5207170.0
epoch 253 413 512 5552 6523140.5
epoch 254 315 256 3660 4699514.5
epoch 255 541 512 7336 7756001.0
epoch 256 396 256 4488 5756580.5
epoch 257 287 256 3260 5911009.5
epoch 258 358 256 4092 4807521.5
epoch 259 343 256 3964 4982795.0
epoch 260 441 512 5832 5149198.0
epoch 261 487 512 6652 6947807.0
epoch 262 516 512 7072 7148173.0
epoch 263 353 256 4056 5181440.5
epoch 264 279 256 3180 5149740.0
epoch 265 453 512 5944 4959936.0
epoch 266 267 256 3020 4345979.5
epoch 267 236 256 2604 4013255.25
epoch 268 534 512 7288 5817267.0
epoch 269 424 256 5212 6418208.0
epoch 270 305 256 3424 5183511.0
epoch 271 374 256 4284 3967355.75
epoch 272 546 512 7388 6243572.0
epoch 273 364 256 4444 6467943.0
epoch 274 281 256 3200 4062354.5
epoch 275 529 512 7248 7916852.0
epoch 276 373 512 4952 5981774.0
epoch 277 406 512 5308 4928837.0
epoch 278 438 512 5840 10488744.0
epoch 279 435 512 5788 8928351.0
epoch 280 193 128 1904 4772802.5
epoch 281 539 512 7340 7391180.0
epoch 282 340 256 3816 3691275.5
epoch 283 442 512 5836 5029113.5
epoch 284 517 512 7080 7582172.0
epoch 285 574 512 7692 9262834.0
epoch 286 483 512 6368 7909028.0
epoch 287 411 512 5516 8712130.0
epoch 288 285 256 3248 6478106.5
epoch 289 619 1024 9996 9834552.0
epoch 290 550 512 7420 6823736.5
epoch 291 452 512 5964 11040860.0
epoch 292 576 512 7824 9863529.0
epoch 293 358 256 4092 7181727.0
epoch 294 600 512 7960 9198957.0
epoch 295 257 256 2832 7494742.5
epoch 296 536 512 7296 8401236.0
epoch 297 836 1024 12976 19894544.0
epoch 298 405 256 4980 16149920.0
epoch 299 435 512 5788 11317236.0
epoch 300 546 512 7276 9316536.0
epoch 301 185 128 1728 8556136.0
epoch 302 376 256 4332 8355773.0
epoch 303 565 512 7596 5169859.0
epoch 304 319 256 3596 5648407.0
epoch 305 444 512 5980 7434891.0
epoch 306 485 512 6640 7371582.0
epoch 307 304 256 3468 6531345.0
epoch 308 294 256 3260 3058817.25
epoch 309 532 512 7096 4447984.5
epoch 310 417 512 5632 6859132.0
epoch 311 405 512 5472 6685801.5
epoch 312 276 256 3164 5242164.0
epoch 313 288 256 3276 3737070.5
epoch 314 162 128 1488 3094741.0
epoch 315 441 512 5856 2988401.0
epoch 316 726 1024 11372 8383001.0
epoch 317 273 256 3064 4499931.0
epoch 318 328 256 3680 3161945.25
epoch 319 166 128 1508 2283550.0
epoch 320 362 256 4140 1509849.5
epoch 321 634 512 8684 3352040.0
epoch 322 494 512 6728 7061397.0
epoch 323 479 512 6348 6486123.0
epoch 324 468 512 6408 5219467.0
epoch 325 289 256 3256 4227524.0
epoch 326 668 512 9152 5515377.5
epoch 327 228 128 2164 4013281.25
epoch 328 820 1024 12844 16057242.0
epoch 329 542 512 7368 14344429.0
epoch 330 487 512 6640 9382835.0
epoch 331 769 1024 12176 23512936.0
epoch 332 553 512 7472 16949630.0
epoch 333 591 512 8012 16238220.0
epoch 334 476 512 6556 18273118.0
epoch 335 382 256 4364 8790804.0
epoch 336 448 512 5904 8674196.0
epoch 337 235 128 2324 5506644.0
epoch 338 388 512 5276 8036319.0
epoch 339 564 512 7600 6905487.0
epoch 340 474 512 6284 5710318.0
epoch 341 433 512 5720 6359837.0
epoch 342 427 512 5676 7916251.0
epoch 343 548 512 7468 9861513.0
epoch 344 560 512 7580 10377863.0
epoch 345 315 256 3564 5975767.0
epoch 346 456 512 6016 6814487.5
epoch 347 512 512 6928 4825446.0
epoch 348 491 512 6492 7151932.0
epoch 349 488 512 6684 8544254.0
epoch 350 599 512 8332 9202616.0
epoch 351 229 256 2528 6403379.0
epoch 352 575 512 7700 5387127.5
epoch 353 401 512 5392 8547255.0
epoch 354 290 256 3288 4337528.5
epoch 355 524 512 7196 7698356.5
epoch 356 326 256 3644 3989764.5
epoch 357 509 512 6856 4273883.5
epoch 358 354 512 4816 7174246.0
epoch 359 519 512 7004 4931122.0
epoch 360 452 512 5964 7048036.0
epoch 361 309 256 3616 5429442.5
epoch 362 289 256 3280 3241622.0
epoch 363 785 1024 12368 9066058.0
epoch 364 283 256 3212 5203776.5
epoch 365 247 256 2852 4354540.0
epoch 366 448 512 5904 3833549.5
epoch 367 367 256 4236 3594200.5
epoch 368 266 256 2892 2462743.25
epoch 369 522 512 7004 2786402.5
epoch 370 477 512 6576 4927996.0
epoch 371 577 512 7764 4559273.0
epoch 372 576 512 7712 5098738.0
epoch 373 552 512 7320 5623047.5
epoch 374 345 256 4252 8055086.0
epoch 375 170 128 1544 3131813.75
epoch 376 504 512 6636 4361729.5
epoch 377 651 1024 10444 6781204.0
epoch 378 566 512 7640 6477112.0
epoch 379 766 512 11144 14402980.0
epoch 380 405 512 5484 15792483.0
epoch 381 513 512 7056 10464030.0
epoch 382 464 512 6220 12387104.0
epoch 383 536 512 7296 9121345.0
epoch 384 353 256 4056 7237239.0
epoch 385 326 256 3644 4078267.5
epoch 386 1033 1024 16428 20859562.0
epoch 387 273 256 3136 12932636.0
epoch 388 547 512 7396 7650566.0
epoch 389 288 256 3276 9056045.0
epoch 390 853 1024 13176 10757950.0
epoch 391 745 1024 11592 18665810.0
epoch 392 509 512 7024 18023606.0
epoch 393 805 1024 12536 20713180.0
epoch 394 161 128 1484 18258814.0
epoch 395 214 128 2148 8337287.5
epoch 396 297 256 3336 5042854.0
epoch 397 393 512 5312 6011260.0
epoch 398 686 1024 10880 14106602.0
epoch 399 459 512 6096 11832344.0
epoch 400 449 512 6284 10148914.0
epoch 401 494 512 6896 11750319.0
epoch 402 298 256 3340 4594917.5
epoch 403 305 256 3440 3929045.0
epoch 404 369 256 4368 3731784.75
epoch 405 628 512 8624 4878687.5
epoch 406 290 256 3260 3606648.5
epoch 407 595 512 8044 5814974.0
epoch 408 334 256 3820 3227232.0
epoch 409 546 512 7400 8456573.0
epoch 410 476 512 6544 6224657.0
epoch 411 520 512 6992 6678541.0
epoch 412 476 512 6556 10186954.0
epoch 413 794 1024 12428 11481992.0
epoch 414 627 512 8492 12118234.0
epoch 415 553 512 7520 12970696.0
epoch 416 293 256 3312 9493358.0
epoch 417 495 512 6540 6681978.5
epoch 418 411 256 4796 5948700.0
epoch 419 791 1024 12412 12903300.0
epoch 420 791 1024 12412 18616424.0
epoch 421 547 512 7392 12399868.0
epoch 422 567 512 7768 25002506.0
epoch 423 531 512 7272 23862150.0
epoch 424 308 256 3500 12199727.0
epoch 425 516 512 6952 7559801.0
epoch 426 901 1024 14532 20542374.0
epoch 427 475 512 6316 15045824.0
epoch 428 788 1024 12384 21324048.0
epoch 429 592 512 8016 16908800.0
epoch 430 713 1024 11112 19954060.0
epoch 431 505 512 6976 18043508.0
epoch 432 537 512 7328 17286592.0
epoch 433 437 512 5808 12641762.0
epoch 434 522 512 7176 16899242.0
epoch 435 740 1024 11756 22613456.0
epoch 436 449 512 5968 16204458.0
epoch 437 528 512 7244 15587960.0
epoch 438 559 512 7564 12140117.0
epoch 439 459 512 6184 13957593.0
epoch 440 353 256 3944 5901304.0
epoch 441 494 512 6728 8931056.0
epoch 442 552 512 7516 10021027.0
epoch 443 570 512 7660 5691782.0
epoch 444 510 512 6920 8023599.5
epoch 445 707 1024 11040 11978951.0
epoch 446 560 512 7568 11570092.0
epoch 447 1013 1024 16080 32881836.0
epoch 448 517 512 7136 29918288.0
epoch 449 336 256 3916 20394386.0
epoch 450 559 512 7564 16057082.0
epoch 451 893 1024 14336 24384684.0
epoch 452 512 512 7052 22289748.0
epoch 453 537 512 7304 15380838.0
epoch 454 287 256 3260 11468755.0
epoch 455 308 256 3488 6692143.0
epoch 456 563 512 7596 7166688.0
epoch 457 576 512 7884 12040958.0
epoch 458 543 512 7372 10452582.0
epoch 459 330 256 3676 6260334.5
epoch 460 531 512 7260 8734568.0
epoch 461 483 512 6620 9775365.0
epoch 462 317 256 3560 4977296.0
epoch 463 805 1024 12524 8824434.0
epoch 464 524 512 7128 7131415.0
epoch 465 843 1024 13100 24420842.0
epoch 466 778 1024 12320 30706364.0
epoch 467 526 512 7052 13989774.0
epoch 468 413 512 5556 16674841.0
epoch 469 520 512 7164 17715502.0
epoch 470 434 512 5724 7631557.5
epoch 471 525 512 7216 11276434.0
epoch 472 553 512 7520 10203111.0
epoch 473 577 512 7888 11409882.0
epoch 474 778 1024 12200 18351670.0
epoch 475 877 1024 14192 35467760.0
epoch 476 672 1024 10688 34433528.0
epoch 477 541 512 7360 25682744.0
epoch 478 408 512 5500 23706624.0
epoch 479 543 512 7372 15244850.0
epoch 480 428 512 5680 11984558.0
epoch 481 298 256 3340 8543726.0
epoch 482 770 1024 12156 11017528.0
epoch 483 777 1024 12232 19816412.0
epoch 484 429 512 5756 23015420.0
epoch 485 836 1024 12856 17067528.0
epoch 486 351 256 3924 8376257.0
epoch 487 962 1024 15148 18861672.0
epoch 488 473 512 6556 34972344.0
epoch 489 555 512 7484 18121536.0
epoch 490 993 1024 15832 32643042.0
epoch 491 515 512 7068 24420220.0
epoch 492 1071 1024 16784 33425360.0
epoch 493 540 512 7344 27218710.0
epoch 494 317 256 3576 16865180.0
epoch 495 785 1024 12368 26176050.0
epoch 496 532 512 7264 17896082.0
epoch 497 833 1024 12952 22510344.0
epoch 498 563 512 7596 21693266.0
epoch 499 530 512 7256 19618120.0
epoch 500 529 512 7164 9127509.0
epoch 501 489 512 6720 17343208.0
epoch 502 790 1024 12432 26362046.0
epoch 503 531 512 7260 18171892.0
epoch 504 834 1024 13208 29920540.0
epoch 505 832 1024 12832 28545104.0
epoch 506 553 512 7464 21797238.0
epoch 507 852 1024 13160 23426504.0
epoch 508 571 512 7676 23340014.0
epoch 509 691 1024 10908 29383728.0
epoch 510 529 512 7248 24119458.0
epoch 511 787 1024 12380 36124652.0
epoch 512 296 256 3356 22891692.0
epoch 513 548 512 7408 13660336.0
epoch 514 504 512 6972 19066804.0
epoch 515 751 1024 11660 18554850.0
epoch 516 1042 1024 16476 29402672.0
epoch 517 512 512 7136 39900892.0
epoch 518 789 512 11384 23171440.0
epoch 519 405 512 5472 26607864.0
epoch 520 737 1024 11728 26509472.0
epoch 521 404 256 4960 19413012.0
epoch 522 566 512 7612 14392151.0
epoch 523 821 1024 12848 28985626.0
epoch 524 540 512 7404 29576938.0
epoch 525 891 1024 14412 30733478.0
epoch 526 729 1024 11424 34634464.0
epoch 527 289 256 3280 21949186.0
epoch 528 571 512 7676 15199280.0
epoch 529 606 512 8200 17868368.0
epoch 530 464 512 6220 18727056.0
epoch 531 499 512 6908 15063568.0
epoch 532 506 512 6980 13362872.0
epoch 533 775 1024 12124 18012540.0
epoch 534 581 512 7948 24837000.0
epoch 535 547 512 7404 17474372.0
epoch 536 514 512 6952 13004618.0
epoch 537 681 1024 10760 15284582.0
epoch 538 570 512 7660 15942604.0
epoch 539 585 512 7968 18514088.0
epoch 540 579 512 8088 15108606.0
epoch 541 539 512 7340 14253237.0
epoch 542 916 1024 14716 38215404.0
epoch 543 472 512 6272 23082492.0
epoch 544 788 1024 12384 22391530.0
epoch 545 542 512 7368 19840736.0
epoch 546 1053 1024 16584 28389228.0
epoch 547 532 512 7264 30076922.0
epoch 548 552 512 7432 18543964.0
epoch 549 464 512 6220 21326980.0
epoch 550 570 512 7644 10278870.0
epoch 551 737 1024 11480 23419454.0
epoch 552 1046 1024 16508 44091420.0
epoch 553 405 512 5472 39034648.0
epoch 554 815 1024 12684 35430284.0
epoch 555 694 512 9916 28472110.0
epoch 556 575 512 7708 25846572.0
epoch 557 749 1024 11568 21085480.0
epoch 558 413 512 5528 26667122.0
epoch 559 787 1024 12380 30557920.0
epoch 560 817 1024 12696 30237124.0
epoch 561 535 512 7292 25440852.0
epoch 562 1054 1024 16588 27991162.0
epoch 563 462 512 6448 46100528.0
epoch 564 303 256 3452 21141576.0
epoch 565 549 512 7416 14526592.0
epoch 566 574 512 7788 13629237.0
epoch 567 872 1024 13408 21747634.0
epoch 568 543 512 7372 19955398.0
epoch 569 296 256 3388 20234204.0
epoch 570 802 1024 12508 20585356.0
epoch 571 696 1024 11068 29421492.0
epoch 572 391 256 4880 26524220.0
epoch 573 547 512 7404 14978030.0
epoch 574 712 512 10432 18085636.0
epoch 575 550 512 7448 17476160.0
epoch 576 564 512 7600 10676018.0
epoch 577 895 1024 13852 20806646.0
epoch 578 828 1024 12800 24340654.0
epoch 579 538 512 7392 37486228.0
epoch 580 565 512 7608 19246024.0
epoch 581 755 1024 11932 30092568.0
epoch 582 733 1024 11696 39528784.0
epoch 583 479 512 6596 24201600.0
epoch 584 285 256 3248 18884048.0
epoch 585 524 512 7212 21889782.0
epoch 586 737 1024 11728 19415076.0
epoch 587 560 512 7692 26246100.0
epoch 588 470 512 6260 12878319.0
epoch 589 1036 1024 16444 29165748.0
epoch 590 578 512 7724 17337858.0
epoch 591 1033 1024 16416 53668664.0
epoch 592 348 256 4016 28594568.0
epoch 593 619 512 8316 22128844.0
epoch 594 360 256 4380 23561384.0
epoch 595 419 512 5596 15762168.0
epoch 596 1065 1024 16744 23780636.0
epoch 597 1198 2048 22060 102356192.0
epoch 598 443 512 6216 88847936.0
epoch 599 493 512 6768 54068440.0
epoch 600 550 512 7420 29252950.0
epoch 601 450 512 5916 22966216.0
epoch 602 473 512 6364 34057268.0
epoch 603 439 512 5820 18675876.0
epoch 604 561 512 7572 18374064.0
epoch 605 700 1024 10992 23668936.0
epoch 606 1030 1024 16316 30395358.0
epoch 607 532 512 7264 33935616.0
epoch 608 573 512 7676 14496714.0
epoch 609 1028 1024 16364 53752080.0
epoch 610 220 256 2444 34266260.0
epoch 611 520 512 7152 25299150.0
epoch 612 828 1024 12776 17994852.0
epoch 613 323 256 3676 17826536.0
epoch 614 802 1024 12508 16913694.0
epoch 615 452 512 5936 13905504.0
epoch 616 790 1024 12432 27619440.0
epoch 617 507 512 6988 19962002.0
epoch 618 292 256 3296 13047961.0
epoch 619 438 512 5804 12104556.0
epoch 620 550 512 7444 10138992.0
epoch 621 655 1024 10548 25107514.0
epoch 622 976 1024 15440 25210700.0
epoch 623 799 1024 12492 33104256.0
epoch 624 799 1024 12492 36547180.0
epoch 625 702 1024 11016 41341036.0
epoch 626 849 1024 13144 36548268.0
epoch 627 796 1024 12476 51221032.0
epoch 628 788 1024 12384 49839356.0
epoch 629 545 512 7384 28964248.0
epoch 630 517 512 7164 39947020.0
epoch 631 549 512 7440 21105240.0
epoch 632 525 512 7216 23294678.0
epoch 633 533 512 7296 17552306.0
epoch 634 288 256 3264 11082653.0
epoch 635 544 512 7376 9900399.0
epoch 636 327 256 3708 7575980.5
epoch 637 766 1024 12208 24070864.0
epoch 638 577 512 7832 12996723.0
epoch 639 364 256 4160 7228300.0
epoch 640 803 1024 12524 20293054.0
epoch 641 475 512 6316 16463202.0
epoch 642 779 1024 12252 23198896.0
epoch 643 998 1024 15868 31851128.0
epoch 644 511 512 6924 29112978.0
epoch 645 507 512 6988 27966784.0
epoch 646 970 1024 15648 37037468.0
epoch 647 1135 1024 18428 54434888.0
epoch 648 812 1024 12584 40906712.0
epoch 649 581 512 8112 38765196.0
epoch 650 805 1024 12704 44571832.0
epoch 651 536 512 7324 39908848.0
epoch 652 647 512 8956 26337860.0
epoch 653 905 1024 14620 43682728.0
epoch 654 832 1024 12824 33024332.0
epoch 655 911 1024 14604 44075972.0
epoch 656 892 1024 14444 75017472.0
epoch 657 921 1024 14728 60449032.0
epoch 658 582 512 7924 51659048.0
epoch 659 1034 1024 16424 64522176.0
epoch 660 578 512 8084 52597336.0
epoch 661 558 512 7500 30406440.0
epoch 662 755 1024 11932 51741960.0
epoch 663 984 1024 15772 61305376.0
epoch 664 425 512 5664 35287344.0
epoch 665 583 512 8180 35111944.0
epoch 666 1072 1024 16800 36373768.0
epoch 667 604 512 8128 30766364.0
epoch 668 314 256 3556 24234264.0
epoch 669 452 512 5936 18352774.0
epoch 670 1074 1024 16840 29358316.0
epoch 671 276 256 3164 33020902.0
epoch 672 826 1024 12780 18579766.0
epoch 673 510 512 6920 23031390.0
epoch 674 562 512 7580 18159272.0
epoch 675 475 512 6540 22390534.0
epoch 676 1040 1024 16464 31249232.0
epoch 677 912 1024 14668 44470160.0
epoch 678 834 1024 12956 45356104.0
epoch 679 832 1024 12944 47682496.0
epoch 680 787 1024 12380 53220344.0
epoch 681 975 1024 15436 56086420.0
epoch 682 673 1024 10704 55037968.0
epoch 683 557 512 7552 39376600.0
epoch 684 806 1024 12540 32166808.0
epoch 685 535 512 7292 38362904.0
epoch 686 553 512 7520 32726410.0
epoch 687 536 512 7296 20956874.0
epoch 688 593 512 8024 15849804.0
epoch 689 973 1024 15452 35553392.0
epoch 690 556 512 7536 27335286.0
epoch 691 544 512 7376 19147444.0
epoch 692 893 1024 14000 34530444.0
epoch 693 980 1024 15464 28679384.0
epoch 694 546 512 7400 32794636.0
epoch 695 536 512 7324 30620052.0
epoch 696 733 1024 11708 41980768.0
epoch 697 799 1024 12492 43216640.0
epoch 698 671 512 9676 37888068.0
epoch 699 824 1024 12768 33187036.0
epoch 700 537 512 7304 33694464.0
epoch 701 622 512 8580 22641534.0
epoch 702 617 512 8304 20217116.0
epoch 703 1040 1024 16464 39729944.0
epoch 704 672 1024 10700 53154656.0
epoch 705 1007 1024 16124 65175048.0
epoch 706 837 1024 12944 48230376.0
epoch 707 474 512 6308 43699520.0
epoch 708 984 1024 15688 52501096.0
epoch 709 522 512 7116 42997208.0
epoch 710 523 512 7208 47713324.0
epoch 711 501 512 6608 25934956.0
epoch 712 557 512 7552 25087074.0
epoch 713 509 512 6664 15772958.0
epoch 714 300 256 3380 17374024.0
epoch 715 515 512 7068 19159366.0
epoch 716 552 512 7460 14153271.0
epoch 717 449 512 5912 9007798.0
epoch 718 507 512 6988 16414044.0
epoch 719 936 1024 14940 22900288.0
epoch 720 449 512 5920 14408199.0
epoch 721 986 1024 15756 24646768.0
epoch 722 530 512 7196 22507264.0
epoch 723 1026 1024 16312 44323328.0
epoch 724 531 512 7260 49536768.0
epoch 725 826 1024 12876 46527448.0
epoch 726 844 1024 13104 51758932.0
epoch 727 549 512 7488 52190392.0
epoch 728 592 512 8764 54881276.0
epoch 729 300 256 3376 22537940.0
epoch 730 554 512 7468 16334490.0
epoch 731 579 512 7788 17981856.0
epoch 732 902 1024 14508 25923226.0
epoch 733 537 512 7300 17321128.0
epoch 734 540 512 7344 17391676.0
epoch 735 967 1024 15384 43079120.0
epoch 736 742 1024 11756 35028404.0
epoch 737 621 512 8700 34565808.0
epoch 738 305 256 3472 23668358.0
epoch 739 915 1024 14684 27636886.0
epoch 740 544 512 7376 20585168.0
epoch 741 927 1024 14796 26961064.0
epoch 742 596 512 8064 22652660.0
epoch 743 573 512 7868 29738132.0
epoch 744 471 512 6296 27020260.0
epoch 745 1072 1024 16792 29857036.0
epoch 746 991 1024 15820 50750452.0
epoch 747 818 1024 12832 57129712.0
epoch 748 976 1024 15440 57938640.0
epoch 749 312 256 3644 54999536.0
epoch 750 626 512 8364 25408732.0
epoch 751 453 512 6304 36879968.0
epoch 752 919 1024 14716 34586104.0
epoch 753 1028 1024 16352 52476980.0
epoch 754 808 1024 12552 57002024.0
epoch 755 1093 1024 17420 84613920.0
epoch 756 795 1024 12460 63831696.0
epoch 757 1036 1024 16432 67030456.0
epoch 758 531 512 7260 71400832.0
epoch 759 563 512 7596 36700672.0
epoch 760 1088 1024 17048 46423640.0
epoch 761 779 1024 12328 86094576.0
epoch 762 533 512 7272 53814124.0
epoch 763 570 512 7756 40206496.0
epoch 764 506 512 7008 41501688.0
epoch 765 536 512 7296 25779068.0
epoch 766 669 512 9160 19298964.0
epoch 767 550 512 7420 18323210.0
epoch 768 512 512 6680 16820948.0
epoch 769 1155 1024 18172 32258204.0
epoch 770 564 512 7592 25858884.0
epoch 771 543 512 7372 29937940.0
epoch 772 1044 1024 16524 43226408.0
epoch 773 800 1024 12524 42919200.0
epoch 774 435 512 5788 40772708.0
epoch 775 1018 1024 16232 54428840.0
epoch 776 708 1024 11168 43340264.0
epoch 777 799 1024 12492 47431424.0
epoch 778 594 512 8028 26004140.0
epoch 779 959 1024 15180 35619252.0
epoch 780 673 1024 10704 57418544.0
epoch 781 603 512 8364 38784412.0
epoch 782 794 1024 12456 45831728.0
epoch 783 1313 2048 23764 80843208.0
epoch 784 874 1024 13588 66988304.0
epoch 785 878 1024 13452 65289232.0
epoch 786 844 1024 13032 66729496.0
epoch 787 1061 1024 16664 73831560.0
epoch 788 524 512 7212 95329592.0
epoch 789 561 512 7576 53612028.0
epoch 790 993 1024 16012 101141360.0
epoch 791 796 1024 12440 71595712.0
epoch 792 651 512 9004 53125904.0
epoch 793 819 1024 12828 54244880.0
epoch 794 857 1024 13280 46565908.0
epoch 795 543 512 7372 39037144.0
epoch 796 1555 2048 27756 102201232.0
epoch 797 549 512 7416 79083800.0
epoch 798 544 512 7376 48814648.0
epoch 799 513 512 7116 71742560.0
epoch 800 693 1024 10928 46652760.0
epoch 801 739 1024 11740 51789408.0
epoch 802 532 512 7152 22514604.0
epoch 803 580 512 7928 27289508.0
epoch 804 787 1024 12380 29415444.0
epoch 805 565 512 7608 19727826.0
epoch 806 662 512 9112 28587546.0
epoch 807 391 256 4844 22267344.0
epoch 808 562 512 7952 30247098.0
epoch 809 544 512 7388 18272060.0
epoch 810 604 512 8104 12733714.0
epoch 811 994 1024 15836 32277898.0
epoch 812 942 1024 14924 41720960.0
epoch 813 567 512 7644 28994934.0
epoch 814 799 1024 12492 29047134.0
epoch 815 703 512 10172 45467704.0
epoch 816 607 512 8148 22899778.0
epoch 817 737 1024 11728 44548648.0
epoch 818 1016 1024 16072 39305528.0
epoch 819 406 512 5476 43188312.0
epoch 820 937 1024 14944 30599236.0
epoch 821 960 1024 15128 30698976.0
epoch 822 983 1024 15516 50013732.0
epoch 823 1111 1024 17372 49969504.0
epoch 824 828 1024 12800 45178856.0
epoch 825 273 256 3136 50993776.0
epoch 826 1039 1024 16460 43438764.0
epoch 827 426 512 5644 39190992.0
epoch 828 1312 2048 23808 80770320.0
epoch 829 594 512 8028 41920040.0
epoch 830 832 1024 12944 52174960.0
epoch 831 1101 1024 17224 44579016.0
epoch 832 578 512 7836 45913064.0
epoch 833 935 1024 14876 52588608.0
epoch 834 845 1024 12940 36504352.0
epoch 835 545 512 7440 48655336.0
epoch 836 569 512 7628 26655096.0
epoch 837 892 1024 13576 22203918.0
epoch 838 948 1024 15136 60467600.0
epoch 839 966 1024 15292 61464948.0
epoch 840 836 1024 12940 56706704.0
epoch 841 940 1024 14888 53492568.0
epoch 842 591 512 8000 48210736.0
epoch 843 517 512 7136 52116196.0
epoch 844 1016 1024 16220 54377148.0
epoch 845 544 512 7376 35059264.0
epoch 846 913 1024 14672 58037352.0
epoch 847 1036 1024 16444 60283236.0
epoch 848 941 1024 14472 57223052.0
epoch 849 1039 1024 16460 86338032.0
epoch 850 285 256 3248 64361664.0
epoch 851 297 256 3392 40023372.0
epoch 852 621 512 8576 29301216.0
epoch 853 538 512 7332 27680322.0
epoch 854 540 512 7404 27109124.0
epoch 855 563 512 7584 18454584.0
epoch 856 514 512 6812 14040876.0
epoch 857 826 512 11772 15080649.0
epoch 858 938 1024 14444 30749160.0
epoch 859 856 1024 13104 27541168.0
epoch 860 300 256 3436 41844392.0
epoch 861 532 512 7264 27306708.0
epoch 862 951 1024 15068 19591152.0
epoch 863 706 1024 11036 24198614.0
epoch 864 365 256 4408 22593732.0
epoch 865 1056 1024 16660 21384100.0
epoch 866 1302 2048 23668 96379312.0
epoch 867 612 512 8208 37888912.0
epoch 868 612 512 8928 49848496.0
epoch 869 384 256 4376 21590008.0
epoch 870 491 512 6712 35755344.0
epoch 871 793 1024 12448 31772162.0
epoch 872 646 512 8892 23528452.0
epoch 873 829 1024 12808 27091130.0
epoch 874 982 1024 15676 48777280.0
epoch 875 933 1024 14888 47327440.0
epoch 876 1040 1024 16492 62423408.0
epoch 877 984 1024 15496 45184528.0
epoch 878 816 1024 12688 67400488.0
epoch 879 995 1024 15852 72646032.0
epoch 880 589 512 7944 49795456.0
epoch 881 770 512 11164 43330144.0
epoch 882 537 512 7248 32462844.0
epoch 883 1303 2048 23704 124458768.0
epoch 884 781 1024 12336 67214208.0
epoch 885 679 1024 10748 68599336.0
epoch 886 673 1024 10704 54122268.0
epoch 887 1057 1024 16688 47626252.0
epoch 888 1042 1024 16476 71195472.0
epoch 889 915 1024 14684 125862872.0
epoch 890 544 512 7376 83750976.0
epoch 891 1073 1024 16796 56012424.0
epoch 892 566 512 7612 49780768.0
epoch 893 1040 1024 16464 64715424.0
epoch 894 554 512 7468 42610884.0
epoch 895 953 1024 15212 80770032.0
epoch 896 647 512 8984 66680228.0
epoch 897 985 1024 15752 69175408.0
epoch 898 469 512 6496 64552864.0
epoch 899 653 512 9016 36421124.0
epoch 900 292 256 3296 31671504.0
epoch 901 574 512 7692 18915904.0
epoch 902 1399 2048 25176 94737776.0
epoch 903 292 256 3296 45271128.0
epoch 904 560 512 7512 22937008.0
epoch 905 387 256 4428 16649628.0
epoch 906 944 1024 14992 18225068.0
epoch 907 792 1024 12416 42004304.0
epoch 908 845 1024 13288 38703072.0
epoch 909 747 1024 11628 38596752.0
epoch 910 823 1024 12884 42218384.0
epoch 911 597 512 8800 56940908.0
epoch 912 1019 1024 16112 27220840.0
epoch 913 1519 2048 27400 157727040.0
epoch 914 617 512 8488 69966248.0
epoch 915 573 512 7688 48675444.0
epoch 916 803 1024 12524 51838664.0
epoch 917 558 512 7500 41109096.0
epoch 918 1019 1024 16236 48538928.0
epoch 919 526 512 7176 58653336.0
epoch 920 814 1024 12620 38350144.0
epoch 921 946 1024 15004 57427908.0
epoch 922 942 1024 14476 45519916.0
epoch 923 973 1024 15424 70067064.0
epoch 924 1067 1024 16876 63887192.0
epoch 925 539 512 7340 63442708.0
epoch 926 646 512 9400 67943976.0
epoch 927 539 512 7352 50602592.0
epoch 928 809 1024 12584 44605180.0
epoch 929 924 1024 14768 57171180.0
epoch 930 810 1024 12620 47141488.0
epoch 931 909 1024 14640 58840408.0
epoch 932 1122 1024 17816 87368424.0
epoch 933 692 512 9520 54957800.0
epoch 934 566 512 7640 59464636.0
epoch 935 1034 1024 16432 69912024.0
epoch 936 564 512 7592 50195064.0
epoch 937 1060 1024 16632 47954736.0
epoch 938 917 1024 14720 87327816.0
epoch 939 312 256 3520 49724012.0
epoch 940 579 512 7900 36814672.0
epoch 941 785 1024 12368 40420928.0
epoch 942 1039 1024 16460 47511804.0
epoch 943 609 512 8408 42943992.0
epoch 944 573 512 7688 26072968.0
epoch 945 1289 2048 23496 92939392.0
epoch 946 561 512 7572 48812424.0
epoch 947 1068 1024 16768 39696748.0
epoch 948 982 1024 15760 103346752.0
epoch 949 524 512 7212 75471904.0
epoch 950 555 512 7532 60858668.0
epoch 951 982 1024 15724 68115064.0
epoch 952 561 512 7576 37276764.0
epoch 953 288 256 3264 37258912.0
epoch 954 530 512 7252 31231728.0
epoch 955 554 512 7480 19299178.0
epoch 956 1096 1024 17436 42105628.0
epoch 957 421 512 5608 41569808.0
epoch 958 552 512 7612 37159816.0
epoch 959 487 512 6652 34712224.0
epoch 960 538 512 7336 24864344.0
epoch 961 721 1024 11164 17589012.0
epoch 962 1443 2048 25612 67181264.0
epoch 963 1671 2048 29964 177373616.0
epoch 964 1047 1024 16540 107187664.0
epoch 965 685 1024 10876 147148704.0
epoch 966 626 512 8308 68542392.0
epoch 967 471 512 6268 94476336.0
epoch 968 807 1024 12548 52719032.0
epoch 969 921 1024 14728 77738608.0
epoch 970 1500 2048 26816 161388672.0
epoch 971 554 512 7468 104913264.0
epoch 972 830 1024 12812 71163360.0
epoch 973 345 256 3976 79922480.0
epoch 974 788 1024 12384 82829664.0
epoch 975 1511 2048 27196 140129888.0
epoch 976 1032 1024 16384 113685344.0
epoch 977 548 512 7400 80732544.0
epoch 978 546 512 7388 52683504.0
epoch 979 788 1024 12384 69576384.0
epoch 980 1339 2048 24060 89891712.0
epoch 981 980 1024 15464 99294568.0
epoch 982 940 1024 14960 72646784.0
epoch 983 934 1024 14844 79675120.0
epoch 984 984 1024 15520 79453712.0
epoch 985 1078 1024 17040 114807248.0
epoch 986 1522 2048 27424 260814560.0
epoch 987 1002 1024 15916 162149872.0
epoch 988 922 1024 14816 259308992.0
epoch 989 786 1024 12376 204639136.0
epoch 990 543 512 7372 141952272.0
epoch 991 1535 2048 27592 192981472.0
epoch 992 785 1024 12368 169092432.0
epoch 993 1067 1024 16764 128418128.0
epoch 994 559 512 7564 104464520.0
epoch 995 603 512 8112 67620768.0
epoch 996 582 512 7868 48634136.0
epoch 997 976 1024 15692 73703552.0
epoch 998 412 512 5520 49087424.0
epoch 999 1093 1024 17048 31661910.0
epoch 1000 1035 1024 16440 96651072.0
epoch 1001 529 512 7248 82566528.0
epoch 1002 874 1024 13420 39314484.0
epoch 1003 674 512 9256 48934948.0
epoch 1004 506 512 6812 36122976.0
epoch 1005 831 1024 12940 51447720.0
epoch 1006 1034 1024 16424 86394800.0
epoch 1007 1241 1024 20648 84386368.0
epoch 1008 1274 2048 23392 250439712.0
epoch 1009 734 1024 11464 112740928.0
epoch 1010 1306 2048 23728 225751136.0
epoch 1011 566 512 7612 106026920.0
epoch 1012 848 1024 13164 122433168.0
epoch 1013 754 1024 11928 116144920.0
epoch 1014 1058 1024 16620 68936944.0
epoch 1015 1446 2048 26108 120476512.0
epoch 1016 854 1024 13420 130690832.0
epoch 1017 830 1024 12936 106403008.0
epoch 1018 580 512 7736 57999752.0
epoch 1019 546 512 7388 67021568.0
epoch 1020 1172 1024 19808 95469008.0
epoch 1021 916 1024 14688 88740144.0
epoch 1022 676 1024 10720 97966816.0
epoch 1023 1417 2048 25884 196717824.0
epoch 1024 591 512 8012 99618704.0
epoch 1025 405 512 5472 103191488.0
epoch 1026 1445 2048 25680 92845120.0
epoch 1027 1046 1024 16532 82110752.0
epoch 1028 1030 1024 16400 133343960.0
epoch 1029 850 1024 13400 135241088.0
epoch 1030 783 1024 12300 96762608.0
epoch 1031 1172 1024 18800 66823400.0
epoch 1032 565 512 7576 68595152.0
epoch 1033 1136 1024 17840 56852392.0
epoch 1034 1303 2048 23676 209361040.0
epoch 1035 1035 1024 16428 131469008.0
epoch 1036 1047 1024 16516 111542584.0
epoch 1037 538 512 7308 93797728.0
epoch 1038 670 512 9668 70998240.0
epoch 1039 529 512 7252 63001192.0
epoch 1040 449 512 5912 48395004.0
epoch 1041 1672 2048 29980 145917872.0
epoch 1042 1093 1024 17144 88446640.0
epoch 1043 1429 2048 25960 205173888.0
epoch 1044 1052 1024 16580 163330720.0
epoch 1045 1045 1024 16500 145753440.0
epoch 1046 599 512 8316 146682208.0
epoch 1047 539 512 7340 96415264.0
epoch 1048 1082 1024 17004 66572436.0
epoch 1049 1140 1024 18464 126340832.0
epoch 1050 566 512 7736 91266384.0
epoch 1051 1107 1024 17516 100777264.0
epoch 1052 1051 1024 16572 93166448.0
epoch 1053 999 1024 15876 125823528.0
epoch 1054 792 1024 12444 123494856.0
epoch 1055 505 512 6604 63255476.0
epoch 1056 543 512 7372 62673928.0
epoch 1057 995 1024 15844 56198388.0
epoch 1058 1374 2048 24524 89056640.0
epoch 1059 728 1024 11644 144769888.0
epoch 1060 1444 2048 26096 137199936.0
epoch 1061 594 512 8276 126752432.0
epoch 1062 704 1024 11028 82662720.0
epoch 1063 1040 1024 16492 104898384.0
epoch 1064 1047 1024 16512 91074880.0
epoch 1065 539 512 7340 102286256.0
epoch 1066 918 1024 14700 108180920.0
epoch 1067 850 1024 13148 64342084.0
epoch 1068 674 512 9196 48727032.0
epoch 1069 607 512 8204 44067220.0
epoch 1070 281 256 3200 52341740.0
epoch 1071 765 1024 12144 54112712.0
epoch 1072 866 1024 14040 54729032.0
epoch 1073 1166 1024 18252 60129292.0
epoch 1074 528 512 7244 93284528.0
epoch 1075 522 512 7200 67077928.0
epoch 1076 264 256 2880 36003692.0
epoch 1077 740 1024 11744 44302440.0
epoch 1078 1005 1024 15944 35209384.0
epoch 1079 613 512 8192 20190888.0
epoch 1080 529 512 7248 28264044.0
epoch 1081 1040 1024 16464 35345032.0
epoch 1082 967 1024 15204 36922032.0
epoch 1083 1134 1024 17804 50826948.0
epoch 1084 601 512 8116 47365272.0
epoch 1085 607 512 8396 44211792.0
epoch 1086 1003 1024 16104 68785136.0
epoch 1087 793 1024 12424 57421124.0
epoch 1088 1051 1024 16572 43312228.0
epoch 1089 1299 2048 23644 147363168.0
epoch 1090 549 512 7416 87468736.0
epoch 1091 721 512 10328 51761492.0
epoch 1092 499 512 6812 56462972.0
epoch 1093 1218 2048 22300 80020104.0
epoch 1094 956 1024 14600 45955148.0
epoch 1095 899 1024 14492 106822712.0
epoch 1096 1034 1024 16376 69227120.0
epoch 1097 1199 2048 22092 122077000.0
epoch 1098 908 1024 14636 151794048.0
epoch 1099 419 512 5596 106230680.0
epoch 1100 780 1024 12332 91161624.0
epoch 1101 1166 1024 18252 74547576.0
epoch 1102 943 1024 14988 87788640.0
epoch 1103 1657 2048 29344 155283168.0
epoch 1104 892 1024 13996 161789312.0
epoch 1105 824 1024 12768 105095872.0
epoch 1106 535 512 7292 99579304.0
epoch 1107 810 1024 12648 96295568.0
epoch 1108 1302 1024 20636 61083888.0
epoch 1109 492 512 6736 92028016.0
epoch 1110 778 1024 12296 96056000.0
epoch 1111 823 1024 12848 77538912.0
epoch 1112 1054 1024 16588 73981920.0
epoch 1113 1048 1024 16544 104588144.0
epoch 1114 1400 2048 25152 214901792.0
epoch 1115 1046 1024 16536 136131328.0
epoch 1116 313 256 3528 88521424.0
epoch 1117 1049 1024 16524 88588128.0
epoch 1118 954 1024 15084 110761536.0
epoch 1119 508 512 6896 81848240.0
epoch 1120 1065 1024 16864 89805632.0
epoch 1121 1031 1024 16380 84195552.0
epoch 1122 915 1024 14684 95438152.0
epoch 1123 988 1024 15612 51217172.0
epoch 1124 1565 2048 27848 128142328.0
epoch 1125 588 512 7984 93164752.0
epoch 1126 575 512 7700 59237576.0
epoch 1127 945 1024 15000 66787844.0
epoch 1128 971 1024 15404 97791072.0
epoch 1129 657 512 9072 86877792.0
epoch 1130 1027 1024 16348 77038272.0
epoch 1131 1328 2048 23904 108786560.0
epoch 1132 552 512 7516 105298352.0
epoch 1133 601 512 8104 49610128.0
epoch 1134 1102 1024 17480 105215392.0
epoch 1135 820 1024 12712 71454968.0
epoch 1136 561 512 7576 50909360.0
epoch 1137 895 1024 13952 66990644.0
epoch 1138 517 512 7136 71179504.0
epoch 1139 280 256 3196 64216624.0
epoch 1140 563 512 7596 36241188.0
epoch 1141 765 1024 12032 43942896.0
epoch 1142 1060 1024 16632 40440116.0
epoch 1143 1050 1024 16556 66153664.0
epoch 1144 1012 1024 16048 67967680.0
epoch 1145 722 1024 11180 44817104.0
epoch 1146 800 1024 12496 63734504.0
epoch 1147 1137 1024 17944 62204496.0
epoch 1148 737 1024 11728 99881808.0
epoch 1149 765 1024 11784 48930632.0
epoch 1150 659 512 9084 46315684.0
epoch 1151 979 1024 15708 74786048.0
epoch 1152 906 1024 14540 68617792.0
epoch 1153 568 512 7624 37000632.0
epoch 1154 1146 1024 18508 106458464.0
epoch 1155 835 512 11832 86645648.0
epoch 1156 1663 2048 29388 120601312.0
epoch 1157 614 512 8220 66570312.0
epoch 1158 925 1024 14832 91633504.0
epoch 1159 813 1024 12784 84875376.0
epoch 1160 520 512 7104 66191888.0
epoch 1161 940 1024 14408 53860444.0
epoch 1162 1022 1024 16252 66711400.0
epoch 1163 1055 1024 16596 78858224.0
epoch 1164 601 512 8076 42217752.0
epoch 1165 595 512 7988 47887560.0
epoch 1166 1091 1024 17012 30289496.0
epoch 1167 1592 2048 28508 410035136.0
epoch 1168 720 512 10572 381470272.0
epoch 1169 975 1024 15436 229760576.0
epoch 1170 1051 1024 16572 161774592.0
epoch 1171 917 1024 14732 256600960.0
epoch 1172 533 512 7308 196980768.0
epoch 1173 559 512 7564 94925456.0
epoch 1174 1051 1024 16572 96344040.0
epoch 1175 531 512 7260 117512736.0
epoch 1176 1135 1024 17932 79242912.0
epoch 1177 1060 1024 16632 86635304.0
epoch 1178 817 1024 12696 113878600.0
epoch 1179 1041 1024 16472 84802816.0
epoch 1180 563 512 7708 97665440.0
epoch 1181 1061 1024 16696 55545640.0
epoch 1182 1074 1024 16924 72333600.0
epoch 1183 810 1024 12768 142133504.0
epoch 1184 578 512 7724 84323664.0
epoch 1185 887 1024 13760 76700096.0
epoch 1186 1435 2048 26028 200472048.0
epoch 1187 858 1024 13984 204381520.0
epoch 1188 1079 1024 17212 139136896.0
epoch 1189 1563 2048 27836 203405280.0
epoch 1190 957 1024 15532 294782208.0
epoch 1191 532 512 7276 182757600.0
epoch 1192 1092 1024 17376 127227200.0
epoch 1193 515 512 7068 120165856.0
epoch 1194 806 1024 12624 109186496.0
epoch 1195 534 512 7276 81970312.0
epoch 1196 1070 1024 16780 53064656.0
epoch 1197 1311 2048 23756 199559424.0
epoch 1198 1353 2048 24352 173963712.0
epoch 1199 1028 1024 16352 122793776.0
epoch 1200 986 1024 15532 87239288.0
epoch 1201 659 512 9068 99735760.0
epoch 1202 1432 2048 26012 178904544.0
epoch 1203 975 1024 15688 188241104.0
epoch 1204 1555 2048 27744 196268944.0
epoch 1205 538 512 7308 149576416.0
epoch 1206 925 1024 14784 183238272.0
epoch 1207 1559 2048 27776 138053056.0
epoch 1208 1052 1024 16576 220455232.0
epoch 1209 989 1024 15856 189455984.0
epoch 1210 591 512 8012 158138400.0
epoch 1211 546 512 7388 103700952.0
epoch 1212 725 1024 11616 124095360.0
epoch 1213 912 1024 14668 111720176.0
epoch 1214 1104 1024 17264 62857740.0
epoch 1215 1841 2048 33328 314757184.0
epoch 1216 535 512 7292 273767680.0
epoch 1217 619 512 8472 154641696.0
epoch 1218 558 512 7680 157663312.0
epoch 1219 999 1024 15932 137575296.0
epoch 1220 452 512 6300 185780864.0
epoch 1221 986 1024 15532 56649680.0
epoch 1222 1566 2048 27852 174319712.0
epoch 1223 964 1024 15364 172229952.0
epoch 1224 1056 1024 16600 135452160.0
epoch 1225 1534 2048 27516 212247712.0
epoch 1226 835 1024 13020 146167888.0
epoch 1227 588 512 7984 80639440.0
epoch 1228 1729 2048 31888 302425984.0
epoch 1229 819 1024 12716 193465824.0
epoch 1230 1048 1024 16520 157310912.0
epoch 1231 1118 1024 17668 152897424.0
epoch 1232 1058 1024 16620 132663552.0
epoch 1233 953 1024 15052 114138176.0
epoch 1234 527 512 7228 133829640.0
epoch 1235 919 1024 14236 64860928.0
epoch 1236 1433 2048 25992 276673568.0
epoch 1237 1074 1024 16812 103115288.0
epoch 1238 998 1024 15868 195997760.0
epoch 1239 662 512 9112 157521952.0
epoch 1240 1573 2048 27984 311013472.0
epoch 1241 304 256 3468 240764800.0
epoch 1242 294 256 3320 152851776.0
epoch 1243 938 1024 14892 88123232.0
epoch 1244 921 1024 14728 123577632.0
epoch 1245 927 1024 14856 138834368.0
epoch 1246 683 512 9340 81067928.0
epoch 1247 668 512 9156 83038176.0
epoch 1248 1422 2048 25416 183876160.0
epoch 1249 787 1024 12380 194316256.0
epoch 1250 432 512 5892 134078928.0
epoch 1251 540 512 7344 67085496.0
epoch 1252 1042 1024 16476 75074432.0
epoch 1253 561 512 7576 62975264.0
epoch 1254 1812 2048 32896 144761376.0
epoch 1255 854 1024 13208 103146648.0
epoch 1256 800 1024 12496 83608000.0
epoch 1257 1024 1024 16332 117428960.0
epoch 1258 880 1024 13416 104811904.0
epoch 1259 572 512 7672 61804412.0
epoch 1260 562 512 7580 59559536.0
epoch 1261 1064 1024 16680 52375696.0
epoch 1262 545 512 7440 50738024.0
epoch 1263 905 512 13096 31831244.0
epoch 1264 1568 2048 27864 162374080.0
epoch 1265 1549 2048 27712 298857824.0
epoch 1266 1059 1024 16628 177057408.0
epoch 1267 412 512 5548 214193456.0
epoch 1268 825 1024 12776 105803856.0
epoch 1269 824 1024 12768 96105896.0
epoch 1270 280 256 3184 126920400.0
epoch 1271 1434 2048 25996 131610192.0
epoch 1272 433 512 5764 96625968.0
epoch 1273 545 512 7384 53959632.0
epoch 1274 1537 2048 27432 121347176.0
epoch 1275 995 1024 15676 101875960.0
epoch 1276 647 512 8984 110100640.0
epoch 1277 1123 1024 17820 130128640.0
epoch 1278 1056 1024 16600 65709248.0
epoch 1279 1045 1024 16504 73684008.0
epoch 1280 812 1024 12656 122179840.0
epoch 1281 1059 1024 16652 90010176.0
epoch 1282 1065 1024 16696 87617880.0
epoch 1283 1578 2048 28012 200726656.0
epoch 1284 467 512 6236 157740736.0
epoch 1285 1050 1024 16556 74242976.0
epoch 1286 574 512 7816 103143984.0
epoch 1287 1026 1024 16284 70832232.0
epoch 1288 654 512 9020 74163776.0
epoch 1289 1547 2048 27676 141629408.0
epoch 1290 999 1024 16068 141976384.0
epoch 1291 833 1024 12948 98053072.0
epoch 1292 803 1024 12524 115394936.0
epoch 1293 1041 1024 16472 104964304.0
epoch 1294 946 1024 14508 85007416.0
epoch 1295 1035 1024 16428 121102792.0
epoch 1296 606 512 8140 96711856.0
epoch 1297 1058 1024 16668 73586120.0
epoch 1298 1297 1024 21592 175312288.0
epoch 1299 1579 2048 28028 310457408.0
epoch 1300 1043 1024 16480 228702528.0
epoch 1301 964 1024 15580 276372640.0
epoch 1302 1038 1024 16456 231577472.0
epoch 1303 1612 2048 28480 258136288.0
epoch 1304 624 512 8704 217501632.0
epoch 1305 784 1024 12392 307320000.0
epoch 1306 860 1024 13248 110841568.0
epoch 1307 1549 2048 27704 253476992.0
epoch 1308 984 1024 15772 315510912.0
epoch 1309 647 512 8924 177697184.0
epoch 1310 989 1024 15784 160355504.0
epoch 1311 1189 1024 19136 140534976.0
epoch 1312 1040 1024 16464 139174224.0
epoch 1313 1069 1024 16764 124794560.0
epoch 1314 1470 2048 26380 131594240.0
epoch 1315 1005 1024 16112 160480704.0
epoch 1316 1562 2048 27820 185737024.0
epoch 1317 1052 1024 16576 160896448.0
epoch 1318 1582 2048 28416 403761472.0
epoch 1319 1297 2048 23632 400827328.0
epoch 1320 1492 2048 26728 226723728.0
epoch 1321 687 512 9868 253840608.0
epoch 1322 582 512 7820 163860096.0
epoch 1323 549 512 7416 149866640.0
epoch 1324 1487 2048 26940 231261136.0
epoch 1325 1385 2048 25352 184914496.0
epoch 1326 812 1024 12632 99247560.0
epoch 1327 1430 2048 25468 169989904.0
epoch 1328 1622 2048 28796 244489504.0
epoch 1329 436 512 5804 315611776.0
epoch 1330 1034 1024 16396 161905376.0
epoch 1331 992 1024 15824 181480080.0
epoch 1332 534 512 7276 138861152.0
epoch 1333 758 1024 11960 140297088.0
epoch 1334 1554 2048 27740 208480128.0
epoch 1335 783 512 11340 164744704.0
epoch 1336 1054 1024 16588 104656160.0
epoch 1337 2010 2048 36268 221964048.0
epoch 1338 1310 2048 23740 415597120.0
epoch 1339 571 512 7788 247162464.0
epoch 1340 851 1024 13404 233924864.0
epoch 1341 1042 1024 16476 136588960.0
epoch 1342 333 256 3816 149304640.0
epoch 1343 824 1024 12768 119060704.0
epoch 1344 1079 1024 16972 99849456.0
epoch 1345 1054 1024 16588 91112952.0
epoch 1346 1566 2048 27852 183244544.0
epoch 1347 1058 1024 16668 113527184.0
epoch 1348 1077 1024 16856 85558032.0
epoch 1349 1323 2048 23928 240488960.0
epoch 1350 744 1024 11972 233089200.0
epoch 1351 934 1024 14844 163475424.0
epoch 1352 1043 1024 16480 89331976.0
epoch 1353 561 512 7576 94532120.0
epoch 1354 1062 1024 16728 129856688.0
epoch 1355 1027 1024 15928 119034464.0
epoch 1356 1550 2048 27708 246072896.0
epoch 1357 849 1024 13392 251225632.0
epoch 1358 495 512 6912 222957184.0
epoch 1359 612 512 8184 85002424.0
epoch 1360 1042 1024 16476 92075632.0
epoch 1361 595 512 8044 71737472.0
epoch 1362 576 512 7824 54796976.0
epoch 1363 1044 1024 16524 54182072.0
epoch 1364 908 1024 14636 90253976.0
epoch 1365 548 512 7456 39596268.0
epoch 1366 1153 1024 18076 34846996.0
epoch 1367 1075 1024 17264 108330688.0
epoch 1368 672 512 9176 67578720.0
epoch 1369 888 1024 13916 101728712.0
epoch 1370 1558 2048 27772 71258784.0
epoch 1371 1591 2048 28500 296944576.0