epoch 1 236 128 2412 141012224.0
epoch 2 269 256 2992 52302048.0
epoch 3 490 512 6668 36688560.0
epoch 4 176 128 1612 16924694.0
epoch 5 206 128 1928 8695218.0
epoch 6 333 256 3720 7482982.5
epoch 7 181 128 1696 5623257.5
epoch 8 246 128 2428 3817528.0
epoch 9 216 256 2364 3420047.5
epoch 10 247 256 2880 3206459.25
epoch 11 214 128 2028 1934641.75
epoch 12 267 256 2936 1892635.5
epoch 13 402 256 4952 3600120.5
epoch 14 230 128 2344 2210009.5
epoch 15 313 256 3552 2098804.0
epoch 16 307 256 3436 1892851.75
epoch 17 413 256 4712 2846340.75
epoch 18 471 512 6172 6468583.0
epoch 19 306 256 3476 1841925.25
epoch 20 352 256 4108 2120152.25
epoch 21 573 512 7688 5148404.0
epoch 22 319 256 3596 1034866.75
epoch 23 563 512 7596 6669139.0
epoch 24 251 128 2516 712513.4375
epoch 25 300 256 3256 682133.625
epoch 26 418 512 5468 2966530.5
epoch 27 444 512 5848 1815168.25
epoch 28 426 512 5672 5697775.5
epoch 29 182 128 1652 282333.6875
epoch 30 285 256 3224 612120.375
epoch 31 297 256 3360 754126.625
epoch 32 629 512 8632 4131826.25
epoch 33 312 256 3520 768251.875
epoch 34 789 1024 12340 29501652.0
epoch 35 170 128 1544 2761651.5
epoch 36 287 256 3260 2499504.75
epoch 37 246 128 2488 1725999.25
epoch 38 440 512 5948 3871763.0
epoch 39 288 256 3264 1853841.0
epoch 40 384 512 5216 1990560.125
epoch 41 169 128 1564 1390701.375
epoch 42 321 256 3608 783876.875
epoch 43 687 512 9868 3987909.0
epoch 44 518 512 7096 4030060.5
epoch 45 551 512 7452 6700580.5
epoch 46 426 512 5644 2350910.0
epoch 47 390 512 5344 3676196.25
epoch 48 319 256 3644 1157384.125
epoch 49 439 512 5820 1534518.5
epoch 50 289 256 3280 2064715.25
epoch 51 599 512 8092 2850223.25
epoch 52 228 256 2524 1770431.75
epoch 53 618 512 8300 4610816.5
epoch 54 592 512 8044 5024586.0
epoch 55 1017 1024 16200 46119704.0
epoch 56 812 1024 12656 33012690.0
epoch 57 1054 1024 16588 28602384.0
epoch 58 888 512 12896 16192406.0
epoch 59 849 1024 13144 22515888.0
epoch 60 1069 1024 16776 37460488.0
epoch 61 432 512 5716 17383600.0
epoch 62 578 512 7752 9023982.0
epoch 63 532 512 7304 11865124.0
epoch 64 909 1024 14640 34861704.0
epoch 65 631 512 8764 13066689.0
epoch 66 1054 1024 16588 20953720.0
epoch 67 528 512 7244 18762956.0
epoch 68 771 1024 12248 22309540.0
epoch 69 825 1024 12896 22678292.0
epoch 70 710 512 10256 11517962.0
epoch 71 529 512 7248 10397028.0
epoch 72 811 1024 12652 22030878.0
epoch 73 788 512 11392 11109378.0
epoch 74 1021 1024 16136 18992020.0
epoch 75 341 256 4192 11122894.0
epoch 76 1066 1024 16760 14266016.0
epoch 77 774 512 11280 16544544.0
epoch 78 601 512 8104 10204390.0
epoch 79 1320 2048 23900 526406848.0
epoch 80 298 256 3340 137609872.0
epoch 81 1276 1024 20232 67289480.0
epoch 82 519 512 7172 76762120.0
epoch 83 543 512 7372 35728208.0
epoch 84 1196 1024 18568 28711260.0
epoch 85 551 512 7452 23593984.0
epoch 86 650 512 9420 22290576.0
epoch 87 1027 1024 16384 38278428.0
epoch 88 363 256 4204 17418752.0
epoch 89 552 512 7432 8370309.5
epoch 90 279 256 3180 8212138.5
epoch 91 266 256 3060 4865259.0
epoch 92 651 512 8976 3155956.5
epoch 93 782 1024 12344 26123604.0
epoch 94 591 512 8012 6357403.0
epoch 95 866 1024 13532 14633194.0
epoch 96 727 1024 11664 21151632.0
epoch 97 913 1024 14676 29336510.0
epoch 98 475 512 6540 15492470.0
epoch 99 685 1024 10792 11005374.0
epoch 100 896 1024 14028 17339790.0
epoch 101 1071 1024 16812 17687086.0
epoch 102 720 1024 11340 39156360.0
epoch 103 1050 1024 16556 26067510.0
epoch 104 728 1024 11644 19943122.0
epoch 105 473 512 6304 12363364.0
epoch 106 1077 1024 16976 13708654.0
epoch 107 681 1024 10844 24972044.0
epoch 108 1041 1024 16472 24167152.0
epoch 109 540 512 7356 17405132.0
epoch 110 1103 1024 17484 24123852.0
epoch 111 796 1024 12476 21970446.0
epoch 112 554 512 7500 14791066.0
epoch 113 1313 2048 23768 95424640.0
epoch 114 584 512 7964 29714612.0
epoch 115 640 512 8908 19531368.0
epoch 116 916 1024 14688 24667552.0
epoch 117 1025 1024 16280 22912006.0
epoch 118 280 256 3196 15653114.0
epoch 119 1053 1024 16584 15934580.0
epoch 120 991 1024 15820 23124316.0
epoch 121 545 512 7384 18884116.0
epoch 122 551 512 7452 9367250.0
epoch 123 1414 2048 25324 45725352.0
epoch 124 1424 2048 25932 172603360.0
epoch 125 473 512 6528 55461144.0
epoch 126 747 1024 11880 52390916.0
epoch 127 563 512 7708 28173980.0
epoch 128 858 1024 13480 22543984.0
epoch 129 1047 1024 16540 43354836.0
epoch 130 812 1024 12608 29796154.0
epoch 131 1247 1024 19924 24205514.0
epoch 132 1046 1024 16524 30178762.0
epoch 133 982 1024 15004 28719128.0
epoch 134 1038 1024 16444 54011640.0
epoch 135 930 1024 14812 46569004.0
epoch 136 774 1024 12272 29296772.0
epoch 137 1420 2048 25900 164268016.0
epoch 138 543 512 7372 41678688.0
epoch 139 1056 1024 16600 40146976.0
epoch 140 809 1024 12640 40489464.0
epoch 141 951 1024 15068 34780864.0
epoch 142 1884 2048 34492 196369360.0
epoch 143 521 512 7196 109429088.0
epoch 144 1039 1024 16460 59241320.0
epoch 145 840 1024 13084 45745296.0
epoch 146 532 512 7264 41147372.0
epoch 147 1314 2048 23772 71238496.0
epoch 148 1011 1024 16032 37813144.0
epoch 149 1039 1024 16460 40413720.0
epoch 150 1290 2048 23584 128020552.0
epoch 151 1054 1024 16588 45915128.0
epoch 152 1041 1024 16472 57592272.0
epoch 153 1305 2048 23688 128181408.0
epoch 154 1453 2048 26352 138116928.0
epoch 155 916 1024 14688 94802224.0
epoch 156 388 256 4828 57459220.0
epoch 157 292 256 3296 30413698.0
epoch 158 1924 2048 35052 129068680.0
epoch 159 1046 1024 16508 96199040.0
epoch 160 928 1024 14800 90784264.0
epoch 161 705 1024 11032 61952528.0
epoch 162 1066 1024 16748 39748440.0
epoch 163 938 1024 14904 47317348.0
epoch 164 1072 1024 16828 44861436.0
epoch 165 926 1024 14764 40912924.0
epoch 166 1486 2048 26944 191246464.0
epoch 167 1007 1024 16136 136391600.0
epoch 168 979 1024 15708 138203136.0
epoch 169 712 1024 11080 83701072.0
epoch 170 1050 1024 16556 69085952.0
epoch 171 1035 1024 16428 54966844.0
epoch 172 1544 2048 27676 124674040.0
epoch 173 560 512 7544 63311580.0
epoch 174 1041 1024 16472 56288852.0
epoch 175 1029 1024 16368 60003096.0
epoch 176 1521 2048 27288 94180032.0
epoch 177 768 1024 11800 122191928.0
epoch 178 1752 2048 32128 213778208.0
epoch 179 966 1024 15364 114908216.0
epoch 180 531 512 7260 73637128.0
epoch 181 801 1024 12504 57016732.0
epoch 182 1058 1024 16620 41578968.0
epoch 183 1049 1024 16552 33449588.0
epoch 184 1058 1024 16636 31422718.0
epoch 185 1078 1024 16836 44176436.0
epoch 186 785 1024 12368 55807772.0
epoch 187 1433 2048 25992 85610176.0
epoch 188 1320 2048 23900 165247920.0
epoch 189 1559 2048 27804 129123920.0
epoch 190 1038 1024 16456 74383360.0
epoch 191 291 256 3292 70290624.0
epoch 192 2036 2048 36560 70245352.0
epoch 193 527 512 7228 105012432.0
epoch 194 1012 1024 16172 55267544.0
epoch 195 592 512 8016 42668160.0
epoch 196 977 1024 15696 36618112.0
epoch 197 1929 2048 35104 136350192.0
epoch 198 987 1024 15788 94293648.0
epoch 199 1382 1024 22956 107836232.0
epoch 200 915 1024 14684 94293688.0
epoch 201 1112 1024 17320 61764832.0
epoch 202 946 1024 15128 58193268.0
epoch 203 1354 1024 21252 83009184.0
epoch 204 1962 2048 35532 166677856.0
epoch 205 1866 2048 33832 252656960.0
epoch 206 949 1024 14552 162357168.0
epoch 207 1865 1024 30764 166792752.0
epoch 208 1398 1024 21748 176650624.0
epoch 209 1445 1024 24480 375131520.0
epoch 210 1997 2048 36160 348044224.0
epoch 211 1584 2048 28056 348357024.0
epoch 212 1040 1024 16468 141752160.0
epoch 213 280 256 3196 138592432.0
epoch 214 627 512 8312 67227888.0
epoch 215 1775 2048 31500 73596408.0
epoch 216 1808 2048 32876 193772832.0
epoch 217 1135 1024 17836 91004968.0
epoch 218 1033 1024 16416 117607600.0
epoch 219 1039 1024 16460 86906640.0
epoch 220 1150 1024 18060 49013848.0
epoch 221 2057 2048 36904 153917920.0
epoch 222 2140 2048 37848 208671728.0
epoch 223 1776 2048 32524 349019808.0
epoch 224 1818 2048 32924 256751936.0
epoch 225 2017 2048 36496 196864016.0
epoch 226 581 512 7824 182438144.0
epoch 227 1565 2048 27848 141573072.0
epoch 228 1420 1024 22344 78531104.0
epoch 229 1598 2048 28188 168676224.0
epoch 230 1080 1024 17244 160727472.0
epoch 231 1294 1024 20556 107121488.0
epoch 232 830 1024 12812 103106136.0
epoch 233 1404 1024 22152 39483140.0
epoch 234 596 512 8040 46758776.0
epoch 235 553 512 7464 28607176.0
epoch 236 2378 2048 42812 83286448.0
epoch 237 1505 2048 27096 179354240.0
epoch 238 468 512 6492 106470736.0
epoch 239 1770 2048 32284 106056784.0
epoch 240 952 1024 15048 102941696.0
epoch 241 976 1024 15692 66595560.0
epoch 242 576 512 7704 38285804.0
epoch 243 1808 2048 32852 129454464.0
epoch 244 1919 2048 34956 195804320.0
epoch 245 1102 1024 17972 159329376.0
epoch 246 952 1024 15196 148582848.0
epoch 247 1060 1024 16688 87773136.0
epoch 248 1781 2048 32576 210443488.0
epoch 249 1571 2048 28312 296525056.0
epoch 250 2083 2048 37112 286544704.0
epoch 251 1810 2048 32860 364638976.0
epoch 252 1611 2048 28296 295677248.0
epoch 253 1105 1024 17256 119595232.0
epoch 254 1444 1024 24056 107048152.0
epoch 255 1082 1024 16892 78893280.0
epoch 256 1204 2048 22188 172606256.0
epoch 257 1528 1024 25080 121757824.0
epoch 258 2989 4096 60412 723169984.0
epoch 259 950 1024 15036 356691008.0
epoch 260 1996 2048 36072 195362832.0
epoch 261 2085 2048 37208 212230336.0
epoch 262 2023 2048 36568 357319904.0
epoch 263 1110 1024 17188 246146048.0
epoch 264 1972 2048 35624 168119040.0
epoch 265 1292 1024 20544 188466784.0
epoch 266 1660 2048 29192 470346560.0
epoch 267 2029 2048 36428 295184096.0
epoch 268 1556 2048 27764 216604944.0
epoch 269 976 1024 15692 146909760.0
epoch 270 1058 1024 16620 77631712.0
epoch 271 1098 1024 17084 66040708.0
epoch 272 2025 2048 36456 78897440.0
epoch 273 3050 4096 61160 1299293056.0
epoch 274 1357 1024 23088 516739904.0
epoch 275 1296 1024 20568 323148576.0
epoch 276 2026 2048 36584 514257344.0
epoch 277 2553 4096 51196 753812608.0
epoch 278 1749 2048 31096 219263520.0
epoch 279 1812 2048 32908 474657632.0
epoch 280 1584 2048 28056 196023136.0
epoch 281 993 1024 15496 118974224.0
epoch 282 1807 2048 32844 187383136.0
epoch 283 1197 1024 19440 102881048.0
epoch 284 1180 1024 18376 81169288.0
epoch 285 1688 2048 31132 244989168.0
epoch 286 2826 4096 56364 408939072.0
epoch 287 1957 2048 34904 493554368.0
epoch 288 2135 2048 38556 198612512.0
epoch 289 2238 2048 39788 251368992.0
epoch 290 1274 1024 20220 197734640.0
epoch 291 1733 2048 31548 190947664.0
epoch 292 2093 2048 37288 282925984.0
epoch 293 1696 2048 29672 194854320.0
epoch 294 2280 2048 40552 153010592.0
epoch 295 2066 2048 36972 283484608.0
epoch 296 1047 1024 16540 153973216.0
epoch 297 1408 2048 25740 171522624.0
epoch 298 1797 2048 32696 239073632.0
epoch 299 746 512 10348 216006064.0
epoch 300 1344 2048 24088 138977488.0
epoch 301 1106 1024 17344 108875224.0
epoch 302 1998 2048 36156 170338368.0
epoch 303 1132 1024 17796 193424656.0
epoch 304 1367 2048 24392 143062928.0
epoch 305 1095 1024 17132 126143888.0
epoch 306 2084 2048 37144 158622160.0
epoch 307 1069 1024 16776 63275060.0
epoch 308 1302 1024 20636 96637072.0
epoch 309 1233 1024 19800 73928064.0
epoch 310 1550 2048 27692 80204408.0
epoch 311 1988 2048 35672 172636080.0
epoch 312 1322 1024 20888 112700736.0
epoch 313 2122 2048 38440 97217224.0
epoch 314 1118 1024 18120 124739992.0
epoch 315 1710 2048 31356 228638272.0
epoch 316 1060 1024 16632 159622944.0
epoch 317 3290 4096 65976 578414144.0
epoch 318 2068 2048 36984 293423040.0
epoch 319 855 1024 13212 220450112.0
epoch 320 1594 2048 28156 159651808.0
epoch 321 2002 2048 36188 145189632.0
epoch 322 1609 2048 28456 329978592.0
epoch 323 1270 1024 20164 115256824.0
epoch 324 2061 2048 36936 276556032.0
epoch 325 1121 1024 17292 230892448.0
epoch 326 1343 1024 21032 90472720.0
epoch 327 2853 4096 57624 365287872.0
epoch 328 1886 2048 34672 451609280.0
epoch 329 1306 2048 23692 322974976.0
epoch 330 3049 4096 60984 493503424.0
epoch 331 2288 2048 40728 201716384.0
epoch 332 2093 2048 37272 172414496.0
epoch 333 1108 1024 17272 429387328.0
epoch 334 1202 1024 19144 133170792.0
epoch 335 1664 2048 29840 197588832.0
epoch 336 1868 2048 34332 267194016.0
epoch 337 2088 2048 37176 365806720.0
epoch 338 1460 2048 26232 124553056.0
epoch 339 1160 1024 18716 132903880.0
epoch 340 2019 2048 36172 343793024.0
epoch 341 1951 2048 35340 180563280.0
epoch 342 1575 2048 27996 231195760.0
epoch 343 1053 1024 16584 178972944.0
epoch 344 1810 2048 32860 216749824.0
epoch 345 686 512 9356 249815200.0
epoch 346 1163 1024 18536 106831792.0
epoch 347 2708 4096 55648 437829216.0
epoch 348 2109 2048 37576 212388704.0
epoch 349 1259 1024 19460 225267872.0
epoch 350 1555 2048 27772 393776992.0
epoch 351 1864 2048 33568 388067648.0
epoch 352 1515 2048 27172 313122624.0
epoch 353 1056 1024 16600 232688608.0
epoch 354 2054 2048 36888 256604864.0
epoch 355 1812 2048 32956 234778560.0
epoch 356 1240 2048 22896 217590880.0
epoch 357 1688 2048 31132 281872448.0
epoch 358 2096 2048 37288 206756144.0
epoch 359 1300 1024 20600 196112016.0
epoch 360 1299 1024 20620 84935720.0
epoch 361 2041 2048 36768 136644192.0
epoch 362 2023 2048 36444 115362992.0
epoch 363 1628 2048 28868 333993760.0
epoch 364 2037 2048 36660 192707296.0
epoch 365 1625 2048 28840 222552400.0
epoch 366 1611 2048 28296 238041872.0
epoch 367 1047 1024 16372 191565824.0
epoch 368 747 512 10056 97982800.0
epoch 369 2053 2048 36700 30791812.0
epoch 370 1876 2048 34412 385121088.0
epoch 371 1737 2048 32028 451948192.0
epoch 372 790 1024 12396 281119424.0
epoch 373 1815 2048 32924 222871136.0
epoch 374 2060 2048 36928 299005952.0
epoch 375 1925 2048 35048 403926720.0
epoch 376 1829 2048 33104 332822912.0
epoch 377 2063 2048 36972 265576640.0
epoch 378 1636 2048 28728 313694400.0
epoch 379 1024 1024 15912 373936128.0
epoch 380 1490 2048 26968 233971200.0
epoch 381 2185 2048 40224 211249888.0
epoch 382 996 1024 15860 199810656.0
epoch 383 2060 2048 36872 196593472.0
epoch 384 1032 1024 16328 98366080.0
epoch 385 1940 2048 35184 156759312.0
epoch 386 1972 2048 35872 240773376.0
epoch 387 1764 2048 32288 300410816.0
epoch 388 2154 2048 38020 330096768.0
epoch 389 998 1024 15704 380699712.0
epoch 390 2716 4096 55704 327380032.0
epoch 391 1157 1024 18196 231899392.0
epoch 392 2704 4096 54104 476391232.0
epoch 393 1077 1024 16856 358271424.0
epoch 394 1389 1024 21688 169020944.0
epoch 395 1630 2048 28876 188470352.0
epoch 396 1239 1024 20860 193458160.0
epoch 397 1449 2048 26152 154529920.0
epoch 398 3000 4096 59640 709525888.0
epoch 399 2330 2048 44204 541482752.0
epoch 400 1070 1024 16780 412643392.0
epoch 401 1097 1024 17020 235693968.0
epoch 402 1770 2048 32312 305394752.0
epoch 403 774 1024 12216 179938352.0
epoch 404 852 1024 13112 149971216.0
epoch 405 860 1024 13128 144106976.0
epoch 406 1104 1024 17240 84032152.0
epoch 407 1096 1024 17128 28510344.0
epoch 408 2444 4096 50476 427825088.0
epoch 409 849 1024 13144 135931584.0
epoch 410 1179 1024 18132 95920480.0
epoch 411 1275 2048 23064 227606976.0
epoch 412 3281 4096 67920 772005632.0
epoch 413 2075 2048 37060 600946816.0
epoch 414 992 1024 15800 377746656.0
epoch 415 1571 2048 27892 213849088.0
epoch 416 3411 4096 70236 988660800.0
epoch 417 1906 2048 33996 758341632.0
epoch 418 1590 2048 28124 540120192.0
epoch 419 1049 1024 16552 164232288.0
epoch 420 2004 2048 35864 228524560.0
epoch 421 1107 1024 17144 320591008.0
epoch 422 1158 1024 17828 89114288.0
epoch 423 1308 1024 20764 94426224.0
epoch 424 1854 2048 33480 212068992.0
epoch 425 1918 2048 34828 149479440.0
epoch 426 1044 1024 16524 221573600.0
epoch 427 1291 1024 20360 207452256.0
epoch 428 1877 2048 34416 89189024.0
epoch 429 2106 2048 37380 255604352.0
epoch 430 2320 4096 48204 1058105920.0
epoch 431 825 1024 12776 370139328.0
epoch 432 1017 1024 16076 210464464.0
epoch 433 3083 4096 61500 400886016.0
epoch 434 2016 2048 36312 269569664.0
epoch 435 1959 2048 35420 437591104.0
epoch 436 2326 2048 42140 402915456.0
epoch 437 2077 2048 37068 463192960.0
epoch 438 1833 2048 33136 367063616.0
epoch 439 1393 1024 21832 271651712.0
epoch 440 2071 2048 37024 147247888.0
epoch 441 1768 2048 32348 294074592.0
epoch 442 1216 1024 18792 147335328.0
epoch 443 2075 2048 37060 99957544.0
epoch 444 1924 2048 35040 149308544.0
epoch 445 649 512 8632 181203632.0
epoch 446 719 512 9812 102338536.0
epoch 447 1493 2048 27008 105115488.0
epoch 448 2080 2048 37144 104901872.0
epoch 449 1845 2048 33584 343452800.0
epoch 450 1827 2048 33012 203540416.0
epoch 451 1116 1024 17364 189976256.0
epoch 452 1059 1024 16712 65163712.0
epoch 453 1213 1024 18888 98678832.0
epoch 454 1063 1024 16648 77748008.0
epoch 455 1875 2048 33676 30792236.0
epoch 456 1319 1024 20844 51987936.0
epoch 457 1566 2048 27936 97909656.0
epoch 458 1797 2048 32744 173597344.0
epoch 459 1957 2048 35352 190461984.0
epoch 460 1895 2048 34236 142045984.0
epoch 461 2085 2048 37208 207904800.0
epoch 462 623 512 8280 301991424.0
epoch 463 1068 1024 16892 201899008.0
epoch 464 2090 2048 37188 40957056.0
epoch 465 1646 2048 28820 35762248.0
epoch 466 2070 2048 37020 145778768.0
epoch 467 2568 2048 48160 126680784.0
epoch 468 3101 4096 61644 967749888.0
epoch 469 2605 4096 52640 797711616.0
epoch 470 1169 1024 18776 637394304.0
epoch 471 1844 2048 33208 432754400.0
epoch 472 1901 2048 34812 288751072.0
epoch 473 2090 2048 37236 186261696.0
epoch 474 1818 2048 33000 163038112.0
epoch 475 1095 1024 17000 348103488.0
epoch 476 1551 1024 25692 61019668.0
epoch 477 2038 2048 36668 91408944.0
epoch 478 1057 1024 16664 120642304.0
epoch 479 2174 2048 39948 100250368.0
epoch 480 991 1024 15820 231886912.0
epoch 481 1950 2048 35276 48632200.0
epoch 482 2809 4096 56168 353340128.0
epoch 483 1928 2048 35072 289315776.0
epoch 484 2964 4096 59788 489885568.0
epoch 485 1843 2048 33228 278366112.0
epoch 486 1333 2048 24104 360741792.0
epoch 487 1017 1024 16224 130947704.0
epoch 488 2115 2048 37644 126071672.0
epoch 489 3071 4096 61388 639623872.0
epoch 490 1951 2048 35308 450210976.0
epoch 491 2831 4096 57408 986802112.0
epoch 492 1792 2048 32716 628954432.0
epoch 493 2451 2048 44344 422545152.0
epoch 494 2011 2048 36284 464746496.0
epoch 495 2118 2048 41440 761063616.0
epoch 496 1893 2048 34540 204409104.0
epoch 497 3913 4096 79392 824120384.0
epoch 498 1046 1024 16508 451169120.0
epoch 499 3084 4096 61384 1000285440.0
epoch 500 1031 1024 16348 408537472.0
epoch 501 1872 2048 34368 431381696.0
epoch 502 2082 2048 37132 125279952.0
epoch 503 3079 4096 61468 507115584.0
epoch 504 2507 2048 47404 359718944.0
epoch 505 2297 2048 40872 411280064.0
epoch 506 1680 2048 31052 473902336.0
epoch 507 1990 2048 36028 424214656.0
epoch 508 3093 4096 61564 292586304.0
epoch 509 1719 2048 29928 538445312.0
epoch 510 1230 1024 19028 339294912.0
epoch 511 1860 2048 33520 70662920.0
epoch 512 3555 4096 72264 942180224.0
epoch 513 1642 2048 29556 579683008.0
epoch 514 2442 2048 44332 426949408.0
epoch 515 1777 2048 32528 517986336.0
epoch 516 1050 1024 16196 920603264.0
epoch 517 1815 2048 32900 191862432.0
epoch 518 2055 2048 36772 234738160.0
epoch 519 2587 4096 52412 549153024.0
epoch 520 1047 1024 16540 225284896.0
epoch 521 972 1024 15240 396590912.0
epoch 522 1103 1024 17112 135171616.0
epoch 523 2076 2048 37064 47557396.0
epoch 524 2143 2048 37948 96376880.0
epoch 525 2099 2048 37452 100479080.0
epoch 526 621 1024 10032 259120832.0
epoch 527 2491 4096 51052 309478560.0
epoch 528 1187 1024 18424 307748800.0
epoch 529 2528 4096 51668 606769792.0
epoch 530 666 1024 10656 299415488.0
epoch 531 1954 2048 35380 109969424.0
epoch 532 2335 2048 42200 171663040.0
epoch 533 1998 2048 36136 228234912.0
epoch 534 2035 2048 36668 90936576.0
epoch 535 1331 1024 20944 220620224.0
epoch 536 1807 2048 32844 98582640.0
epoch 537 1538 2048 27632 324940032.0
epoch 538 1059 1024 16628 163023584.0
epoch 539 2048 2048 36844 65388064.0
epoch 540 1752 2048 32156 120470736.0
epoch 541 1533 1024 25480 27853084.0
epoch 542 1124 1024 17740 254045568.0
epoch 543 627 512 8732 50091180.0
epoch 544 2058 2048 36920 16194804.0
epoch 545 2842 4096 57584 376196448.0
epoch 546 1639 2048 29440 246121088.0
epoch 547 2002 2048 36216 64828856.0
epoch 548 3116 4096 61832 419596992.0
epoch 549 3050 4096 61036 935189504.0
epoch 550 2092 2048 37628 297246336.0
epoch 551 882 1024 14172 725570048.0
epoch 552 2837 4096 57492 524819904.0
epoch 553 1455 2048 26252 478480128.0
epoch 554 1808 2048 32848 205757536.0
epoch 555 2074 2048 37052 138261728.0
epoch 556 2070 2048 37020 161246096.0
epoch 557 2316 2048 41032 135674272.0
epoch 558 1852 2048 33288 679309376.0
epoch 559 3208 4096 63272 305918464.0
epoch 560 1826 2048 33052 339484928.0
epoch 561 1934 2048 35144 220796304.0
epoch 562 2668 4096 53384 1006433792.0
epoch 563 1760 2048 32208 311959456.0
epoch 564 2051 2048 36844 240294784.0
epoch 565 1652 2048 30748 355773824.0
epoch 566 1180 1024 18376 359632192.0
epoch 567 2100 2048 37336 110457344.0
epoch 568 1728 2048 31884 238781376.0
epoch 569 1005 1024 15752 115481328.0
epoch 570 1935 2048 35148 76996448.0
epoch 571 1061 1024 16720 136655296.0
epoch 572 2605 4096 52568 154705104.0
epoch 573 1506 2048 27112 161409568.0
epoch 574 685 512 9352 100894744.0
epoch 575 2125 2048 37960 6630124.5
epoch 576 1951 2048 35340 148422464.0
epoch 577 2005 2048 36216 117262584.0
epoch 578 3080 4096 61448 336092672.0
epoch 579 1821 2048 32968 552809216.0
epoch 580 1298 1024 21548 361589184.0
epoch 581 1146 1024 17668 434143456.0
epoch 582 1787 2048 32472 71161328.0
epoch 583 1700 2048 31216 116229672.0
epoch 584 2070 2048 37080 196798880.0
epoch 585 2001 2048 36208 88521456.0
epoch 586 2015 2048 36332 172740320.0
epoch 587 1442 2048 26076 185983808.0
epoch 588 1871 2048 34376 86528344.0
epoch 589 1934 2048 34552 234322976.0
epoch 590 2109 2048 37576 83132952.0
epoch 591 1985 2048 35656 68831856.0
epoch 592 2929 4096 59228 141579840.0
epoch 593 1715 2048 31768 329016160.0
epoch 594 2115 2048 37496 341920640.0
epoch 595 1575 2048 27996 196368016.0
epoch 596 2080 2048 37264 98473032.0
epoch 597 1625 2048 30364 159623024.0
epoch 598 1077 1024 16856 48138016.0
epoch 599 2362 2048 42500 66925224.0
epoch 600 2083 2048 37196 52050464.0
epoch 601 1536 2048 27596 238101584.0
epoch 602 1871 2048 34364 88985240.0
epoch 603 685 512 9352 199586400.0
epoch 604 1800 2048 32736 2056276.375
epoch 605 2132 2048 41564 53540512.0
epoch 606 2684 4096 55404 384674624.0
epoch 607 2031 2048 36620 341587584.0
epoch 608 1707 2048 31352 77387216.0
epoch 609 1879 2048 34452 118808552.0
epoch 610 2076 2048 37064 232048096.0
epoch 611 755 1024 11680 164674128.0
epoch 612 689 512 9372 255044864.0
epoch 613 939 1024 14956 11972953.0
epoch 614 1111 1024 17324 11914795.0
epoch 615 1682 2048 31064 30054312.0
epoch 616 2971 4096 59836 75952432.0
epoch 617 1556 2048 27752 14890332.0
epoch 618 1596 1024 26248 75110176.0
epoch 619 2000 2048 36176 16893040.0
epoch 620 2768 4096 56652 425031744.0
epoch 621 3071 4096 61388 242308608.0
epoch 622 1804 2048 32828 154036224.0
epoch 623 1578 2048 27964 235942784.0
epoch 624 1840 2048 33176 130118992.0
epoch 625 1781 2048 32576 99952320.0
epoch 626 2191 2048 40268 33205770.0
epoch 627 1523 2048 27420 57762228.0
epoch 628 908 1024 13768 217909712.0
epoch 629 2128 2048 37736 44131800.0
epoch 630 1560 1024 25768 114077632.0
epoch 631 1800 2048 32796 137667120.0
epoch 632 1744 2048 32076 31608930.0
epoch 633 3072 4096 61336 226074816.0
epoch 634 2107 2048 37384 38235380.0
epoch 635 2092 2048 37256 24295540.0
epoch 636 1626 2048 30344 114918216.0
epoch 637 2099 2048 37304 5122909.0
epoch 638 1712 2048 29880 166288544.0
epoch 639 1902 2048 34720 82394224.0
epoch 640 2088 2048 37232 293670.03125
epoch 641 1811 2048 32876 44882012.0
epoch 642 2083 2048 37196 24125.2109375
epoch 643 3204 4096 63000 354090688.0
epoch 644 1612 2048 28480 112335024.0
epoch 645 2049 2048 36776 69219008.0
epoch 646 1894 2048 34556 100976656.0
epoch 647 481 512 6360 320748800.0
epoch 648 1768 2048 32288 9354234.0
epoch 649 1821 2048 32968 4136257.0
epoch 650 1746 2048 32088 72130208.0
epoch 651 1563 2048 27824 2016355.25
epoch 652 2849 4096 57564 339049344.0
epoch 653 1592 2048 28136 111455728.0
epoch 654 1558 2048 27772 40939408.0
epoch 655 1454 2048 26608 123283216.0
epoch 656 1711 2048 31372 73914368.0
epoch 657 1957 2048 35744 9838216.0
epoch 658 1756 2048 32160 38450860.0
epoch 659 1860 2048 34208 2421775.5
epoch 660 982 1024 15512 115710464.0
epoch 661 1416 2048 25696 115179.3203125
epoch 662 1165 1024 19772 31094788.0
epoch 663 1968 2048 35604 16734764.0
epoch 664 2834 4096 57436 269787680.0
epoch 665 1923 2048 35036 75978440.0
epoch 666 2836 4096 57472 548290816.0
epoch 667 811 1024 12568 452724096.0
epoch 668 1774 2048 32512 99899696.0
epoch 669 1861 2048 33528 48862524.0
epoch 670 1687 2048 30084 21616668.0
epoch 671 748 512 10120 84123008.0
epoch 672 1787 2048 32620 14061618.0
epoch 673 959 1024 15132 56195768.0
epoch 674 1560 2048 27820 8278740.5
epoch 675 2076 2048 37120 20952300.0
epoch 676 1082 1024 16892 106476152.0
epoch 677 1955 2048 35388 130741.9921875
epoch 678 1719 2048 31452 26209628.0
epoch 679 995 1024 15852 62078648.0
epoch 680 1578 2048 28012 4241941.0
epoch 681 1784 2048 32456 271662.0625
epoch 682 1044 1024 16376 212393600.0
epoch 683 314 256 3532 155118496.0
epoch 684 1871 2048 33644 8703635.0
epoch 685 950 1024 15064 42143352.0
epoch 686 1212 1024 18824 33714280.0
epoch 687 1600 2048 28272 81530.9453125
epoch 688 1583 2048 28048 484217.65625
epoch 689 620 512 8320 93534472.0
epoch 690 1011 1024 16156 11073530.0
epoch 691 1872 2048 34380 1947745.375
epoch 692 1134 1024 19440 113891776.0
epoch 693 1983 2048 35980 2176025.25
epoch 694 1706 2048 31336 65366024.0
epoch 695 1628 2048 28616 96741296.0
epoch 696 731 1024 11684 172488688.0
epoch 697 1811 2048 32892 3312.6806640625
epoch 698 1436 1024 23496 88307528.0
epoch 699 1015 1024 16092 84257320.0
epoch 700 1506 2048 26740 34620168.0
epoch 701 1649 2048 28872 17863854.0
epoch 702 1836 2048 33264 2200191.75
epoch 703 2959 4096 59724 589062656.0
epoch 704 1807 2048 32844 146915632.0
epoch 705 1019 1024 16236 180800528.0
epoch 706 1188 1024 18456 156156512.0
epoch 707 1947 2048 35260 832194.625
epoch 708 1923 2048 35036 469790.3125
epoch 709 1109 1024 17528 212577120.0
epoch 710 1751 2048 31876 1933674.0
epoch 711 2059 2048 36924 10590274.0
epoch 712 915 1024 14684 99459168.0
epoch 713 1560 2048 27448 4083670.75
epoch 714 1709 2048 31724 8014925.0
epoch 715 1945 2048 35240 1498962.75
epoch 716 1847 2048 34092 16051978.0
epoch 717 1774 2048 32364 33128392.0
epoch 718 1938 2048 35164 6650223.0
epoch 719 1600 2048 28312 81908736.0
epoch 720 2231 2048 40796 142521.859375
epoch 721 1304 2048 23708 95815672.0
epoch 722 1303 2048 23676 26708344.0
epoch 723 1777 2048 32408 9568773.0
epoch 724 1640 2048 28776 23668740.0
epoch 725 1523 2048 27420 4911413.5
epoch 726 1343 1024 22040 81906704.0
epoch 727 1657 2048 30860 2790092.0
epoch 728 494 512 6896 370597312.0
epoch 729 1756 2048 32236 285040.09375
epoch 730 430 512 5872 271458240.0
epoch 731 1280 2048 23436 2516693.5
epoch 732 1056 1024 16600 35625816.0
epoch 733 1031 1024 16396 14297574.0
epoch 734 1511 2048 27164 23663424.0
epoch 735 1779 2048 32540 13509232.0
epoch 736 1736 2048 31996 22025794.0
epoch 737 921 1024 14752 177410464.0
epoch 738 1886 2048 32980 4476517.0
epoch 739 1650 2048 30736 16546072.0
epoch 740 1237 1024 20840 45124584.0
epoch 741 1677 2048 29512 485895.53125
epoch 742 1088 2048 20828 74287200.0
epoch 743 495 512 6900 148810832.0
epoch 744 1598 2048 28188 14839022.0
epoch 745 220 128 2220 200281856.0
epoch 746 938 1024 14960 28432724.0
epoch 747 1328 1024 20904 7975845.0
epoch 748 1320 2048 23900 177848.8125
epoch 749 1296 2048 23628 9303432.0
epoch 750 1063 1024 16732 27436304.0
epoch 751 1036 1024 16444 31579240.0
epoch 752 1776 2048 32400 46724144.0
epoch 753 391 512 5292 214236608.0
epoch 754 1006 1024 15960 22219982.0
epoch 755 1055 1024 16604 9894460.0
epoch 756 1707 2048 31284 51110452.0
epoch 757 524 512 7188 125548464.0
epoch 758 1524 2048 27452 9499566.0
epoch 759 870 1024 14060 33705776.0
epoch 760 1810 2048 32896 15715926.0
epoch 761 623 512 8172 235882144.0
epoch 762 1465 2048 26344 90216.1015625
epoch 763 1342 2048 24200 11529940.0
epoch 764 783 1024 12360 80637504.0
epoch 765 1038 1024 16456 14657752.0
epoch 766 1686 2048 31084 31556416.0
epoch 767 1140 1024 17960 37221256.0
epoch 768 1551 2048 27724 12664898.0
epoch 769 1456 2048 26380 8214850.0
epoch 770 1038 1024 16456 16320243.0
epoch 771 1194 1024 18500 18228.83984375
epoch 772 994 1024 15836 13822339.0
epoch 773 543 512 7372 26178744.0
epoch 774 1021 1024 16308 5142888.5
epoch 775 492 512 6764 28581572.0
epoch 776 864 1024 14028 262828.4375
epoch 777 1112 1024 17320 8530428.0
epoch 778 911 1024 14660 5514147.0
epoch 779 941 1024 14952 2126719.0
epoch 780 1334 2048 24120 372410.25
epoch 781 1351 2048 25040 30561834.0
epoch 782 986 1024 15756 41965916.0
epoch 783 1337 2048 24040 17901540.0
epoch 784 1656 2048 29256 123770.2421875
epoch 785 1300 2048 23660 32201152.0
epoch 786 1317 2048 23800 18163104.0
epoch 787 1373 2048 25276 2789498.5
epoch 788 928 1024 14800 47539064.0
epoch 789 1325 2048 23880 3054570.5
epoch 790 1043 1024 16484 9549392.0
epoch 791 1065 1024 16744 3370003.0
epoch 792 1392 2048 25100 981823.125
epoch 793 797 1024 12468 48423352.0
epoch 794 1656 2048 29280 13576423.0
epoch 795 698 1024 10984 66986956.0
epoch 796 1062 1024 16728 4356547.5
epoch 797 1533 2048 27400 1996746.125
epoch 798 1055 1024 16652 23114312.0
epoch 799 1019 1024 16124 6964623.0
epoch 800 1421 2048 25408 422978.09375
epoch 801 1512 2048 26424 5363860.0
epoch 802 984 1024 15772 42428144.0
epoch 803 573 512 7688 60447892.0
epoch 804 952 1024 15072 276728.25
epoch 805 1052 1024 16624 21344.4609375
epoch 806 1229 1024 19272 467554.53125
epoch 807 949 1024 15032 2353792.5
epoch 808 1687 2048 29604 30579916.0
epoch 809 966 1024 15616 39656424.0
epoch 810 1333 2048 24016 2689358.5
epoch 811 1326 2048 23884 6232067.5
epoch 812 1614 2048 28744 718288.4375
epoch 813 857 1024 13952 130045024.0
epoch 814 954 1024 15096 40762384.0
epoch 815 1796 2048 32680 10516062.0
epoch 816 1580 2048 27976 10259112.0
epoch 817 1581 2048 28040 5178182.0
epoch 818 1610 2048 28472 99207.15625
epoch 819 761 512 11040 127198296.0
epoch 820 1440 2048 26064 617898.375
epoch 821 1655 2048 30764 3165638.0
epoch 822 1327 2048 23892 31481584.0
epoch 823 1743 2048 31820 15528188.0
epoch 824 1273 1024 21344 69510224.0
epoch 825 1698 2048 31196 739965.875
epoch 826 1756 2048 32188 1557108.0
epoch 827 1093 1024 17168 34121460.0
epoch 828 1819 2048 32956 4263420.0
epoch 829 1280 2048 23436 55688032.0
epoch 830 1946 2048 35424 5034366.0
epoch 831 831 512 11800 184897040.0
epoch 832 1027 1024 16348 58378224.0
epoch 833 1469 2048 26376 4752440.5
epoch 834 955 1024 15100 58052648.0
epoch 835 1733 2048 31992 6981029.0
epoch 836 1354 2048 24360 53588624.0
epoch 837 1047 1024 16540 72256496.0
epoch 838 1477 2048 26848 722427.25
epoch 839 1529 2048 27464 32427.4140625
epoch 840 1023 1024 16268 55783684.0
epoch 841 1117 1024 17368 24642496.0
epoch 842 794 1024 12428 29731484.0
epoch 843 962 1024 15176 3521863.75
epoch 844 909 1024 14472 4154084.5
epoch 845 1502 2048 27128 57133008.0
epoch 846 772 1024 12156 27240488.0
epoch 847 1440 2048 26124 4369330.0
epoch 848 528 512 7268 124126344.0
epoch 849 1053 1024 16584 2841039.0
epoch 850 832 1024 13196 21404420.0
epoch 851 799 1024 12492 5777458.5
epoch 852 822 1024 12732 567719.375
epoch 853 1018 1024 16204 4757198.0
epoch 854 1150 1024 18120 3160350.25
epoch 855 860 1024 13996 5216029.5
epoch 856 852 1024 13172 8628.7626953125
epoch 857 961 1024 15504 7847904.0
epoch 858 266 256 3072 87930448.0
epoch 859 482 512 6588 22719584.0
epoch 860 624 512 8344 4564683.0
epoch 861 543 512 7372 5741327.5
epoch 862 913 1024 14672 8880296.0
epoch 863 520 512 7192 30212504.0
epoch 864 752 1024 11856 778156.1875
epoch 865 484 512 6652 14171098.0
epoch 866 1042 1024 16476 14037636.0
epoch 867 919 1024 14716 192260.734375
epoch 868 1191 2048 22000 3948947.0
epoch 869 971 1024 15628 14845062.0
epoch 870 679 1024 10748 21858334.0
epoch 871 446 512 5896 33921160.0
epoch 872 818 1024 12700 1197556.75
epoch 873 539 512 7340 10780690.0
epoch 874 1004 1024 16108 8151156.0
epoch 875 907 1024 14628 481317.0
epoch 876 881 1024 14336 4131567.5
epoch 877 990 1024 15816 3399275.0
epoch 878 732 1024 11692 7242998.0
epoch 879 926 1024 14792 1091902.25
epoch 880 724 1024 11612 3205846.25
epoch 881 649 512 8992 6727738.0
epoch 882 934 1024 14844 5106258.0
epoch 883 279 256 3132 61643224.0
epoch 884 788 1024 12384 102229.8984375
epoch 885 556 512 7488 9575189.0
epoch 886 543 512 7372 5917944.5
epoch 887 538 512 7336 818358.0
epoch 888 787 1024 12380 5599229.0
epoch 889 528 512 7244 8057403.5
epoch 890 559 512 7564 825800.9375
epoch 891 622 512 8704 253843.65625
epoch 892 659 512 9084 20787.732421875
epoch 893 236 256 2660 22167766.0
epoch 894 501 512 6860 85084.421875
epoch 895 475 512 6204 249025.28125
epoch 896 526 512 7232 266078.625
epoch 897 567 512 7740 1094.6356201171875
epoch 898 821 1024 12752 752860.0
epoch 899 457 512 6172 21544880.0
epoch 900 813 1024 12672 221178.65625
epoch 901 786 1024 12400 6688921.0
epoch 902 1011 1024 16156 286388.21875
epoch 903 402 512 5456 38706088.0
epoch 904 812 1024 12668 1909641.125
epoch 905 922 1024 14756 655157.8125
epoch 906 996 1024 15608 5737338.0
epoch 907 802 1024 12508 15331436.0
epoch 908 1004 1024 15984 3684550.25
epoch 909 1009 1024 16144 4486970.5
epoch 910 914 1024 14704 9621325.0
epoch 911 446 256 5388 40422744.0
epoch 912 818 1024 12832 392502.875
epoch 913 828 1024 13136 458563.0625
epoch 914 772 1024 12276 2976699.0
epoch 915 827 1024 12796 3062519.75
epoch 916 1245 2048 22720 460719.125
epoch 917 870 1024 13592 10275699.0
epoch 918 1366 2048 25200 3431095.5
epoch 919 923 1024 14764 24600430.0
epoch 920 1049 1024 16552 3597676.5
epoch 921 755 1024 12052 32962448.0
epoch 922 1470 2048 26380 8112900.5
epoch 923 993 1024 15832 19586022.0
epoch 924 1458 2048 25800 1682956.5
epoch 925 1090 1024 17860 8733521.0
epoch 926 565 512 7632 67978992.0
epoch 927 949 1024 15152 2410611.75
epoch 928 1077 1024 16856 12087.0712890625
epoch 929 1125 1024 17496 7979.78369140625
epoch 930 1003 1024 15932 10125258.0
epoch 931 922 1024 14816 12043278.0
epoch 932 1035 1024 16428 2301975.5
epoch 933 939 1024 15328 7314511.5
epoch 934 1275 2048 23372 357654.9375
epoch 935 853 1024 13188 8538957.0
epoch 936 1237 1024 19832 4288905.0
epoch 937 538 512 7336 42442200.0
epoch 938 649 1024 10312 11958320.0
epoch 939 1044 1024 16524 4956737.0
epoch 940 1542 2048 27640 539579.0
epoch 941 679 1024 10748 138459120.0
epoch 942 731 1024 11660 56781160.0
epoch 943 921 1024 14752 11559528.0
epoch 944 1455 2048 26252 896936.125
epoch 945 1024 1024 16272 23564872.0
epoch 946 1062 1024 16668 20071524.0
epoch 947 1368 2048 24484 2934212.0
epoch 948 854 1024 13936 52414760.0
epoch 949 1551 2048 27724 61261.87109375
epoch 950 1621 2048 28568 7601799.0
epoch 951 987 1024 15968 137604992.0
epoch 952 670 1024 10676 119812336.0
epoch 953 785 1024 12368 47285688.0
epoch 954 1427 2048 25948 2183257.5
epoch 955 1275 2048 23372 15746740.0
epoch 956 787 1024 12380 44100736.0
epoch 957 1413 2048 25176 53331.3203125
epoch 958 1053 1024 16584 22764862.0
epoch 959 1046 1024 16532 4178654.0
epoch 960 1516 2048 27372 53204.71484375
epoch 961 1110 1024 17308 9228894.0
epoch 962 954 1024 15180 9153150.0
epoch 963 1803 2048 32812 14976215.0
epoch 964 508 512 7068 161840736.0
epoch 965 927 1024 14796 28490404.0
epoch 966 1621 2048 28816 4682.8125
epoch 967 1020 1024 16300 42381332.0
epoch 968 1332 2048 23928 11063596.0
epoch 969 1472 2048 26764 2567772.25
epoch 970 1690 2048 31140 20092.078125
epoch 971 923 1024 14764 98259728.0
epoch 972 1499 2048 27052 391808.5
epoch 973 1077 1024 17192 27374516.0
epoch 974 1446 2048 26084 168696.40625
epoch 975 1488 2048 26956 14605130.0
epoch 976 918 1024 14740 87151976.0
epoch 977 772 512 11176 65233976.0
epoch 978 1034 1024 16396 2328960.25
epoch 979 1559 2048 27804 2345601.0
epoch 980 957 1024 15280 61467632.0
epoch 981 978 1024 15704 29035418.0
epoch 982 1190 1024 18524 2078373.5
epoch 983 1496 2048 26280 72730.78125
epoch 984 1028 1024 16388 17627392.0
epoch 985 930 1024 14992 14822071.0
epoch 986 792 1024 12416 12338046.0
epoch 987 1269 1024 19992 3487332.25
epoch 988 1384 2048 25344 1658584.5
epoch 989 705 1024 11032 45950380.0
epoch 990 1036 1024 16432 255558.359375
epoch 991 1683 2048 31068 2475654.25
epoch 992 925 1024 14784 31646244.0
epoch 993 1631 2048 28716 3724235.75
epoch 994 1137 1024 17820 18411172.0
epoch 995 1063 1024 16732 3229245.0
epoch 996 935 1024 14852 3426937.75
epoch 997 1596 2048 28252 139993.5625
epoch 998 1769 2048 32328 905245.875
epoch 999 917 1024 14696 65424280.0
epoch 1000 1035 1024 16428 8087116.0
epoch 1001 1336 2048 24044 18093556.0
epoch 1002 1538 2048 27560 9760966.0
epoch 1003 970 1024 15648 30173108.0
epoch 1004 1657 2048 30784 1949368.25
epoch 1005 795 1024 12472 54414320.0
epoch 1006 1025 1024 16168 15354822.0
epoch 1007 1886 2048 33748 37760.8828125
epoch 1008 1696 2048 31184 119572624.0
epoch 1009 1429 2048 25968 159110112.0
epoch 1010 1039 1024 16460 163859296.0
epoch 1011 2109 2048 37600 5791092.0
epoch 1012 737 1024 11728 242625200.0
epoch 1013 1812 2048 31864 5468450.5
epoch 1014 1726 2048 31500 14745916.0
epoch 1015 1742 2048 32064 26592130.0
epoch 1016 1747 2048 32092 2266074.5
epoch 1017 1570 2048 27876 17719648.0
epoch 1018 1572 2048 27896 45974976.0
epoch 1019 1466 2048 26332 15761623.0
epoch 1020 1057 1024 16616 11081630.0
epoch 1021 1632 2048 28648 1656474.25
epoch 1022 997 1024 16032 61785128.0
epoch 1023 1402 2048 25068 106862.609375
epoch 1024 1504 2048 26876 370065.34375
epoch 1025 1063 1024 16732 38845584.0
epoch 1026 1235 1024 19596 3254074.75
epoch 1027 959 1024 15468 15284268.0
epoch 1028 1017 1024 16224 223011.84375
epoch 1029 1502 2048 27136 6538328.5
epoch 1030 1620 2048 30324 4072067.5
epoch 1031 880 1024 14332 67560328.0
epoch 1032 1416 2048 25852 1846687.0
epoch 1033 1092 1024 17040 18747448.0
epoch 1034 1372 2048 24752 158374.1875
epoch 1035 1040 1024 16468 15946212.0
epoch 1036 970 1024 15648 5248826.0
epoch 1037 889 1024 14400 7975282.0
epoch 1038 929 1024 14808 27826.33203125
epoch 1039 908 1024 14608 268247.4375
epoch 1040 1365 2048 24632 6324071.0
epoch 1041 913 1024 14672 40891536.0
epoch 1042 1036 1024 16432 235889.234375
epoch 1043 671 1024 10692 19120732.0
epoch 1044 1268 2048 23324 852860.5625
epoch 1045 799 1024 12492 8514396.0
epoch 1046 1084 1024 16904 792970.375
epoch 1047 954 1024 15516 6589221.0
epoch 1048 982 1024 15724 1258931.625
epoch 1049 1036 1024 16444 17384.005859375
epoch 1050 1050 1024 16556 270428.0
epoch 1051 1518 2048 27296 248832.9375
epoch 1052 531 512 7260 87136472.0
epoch 1053 941 1024 14920 4055211.25
epoch 1054 900 1024 14556 5561023.0
epoch 1055 1121 1024 17436 87774.546875
epoch 1056 671 1024 10692 17101972.0
epoch 1057 731 1024 11436 792585.25
epoch 1058 455 512 6136 17489024.0
epoch 1059 821 1024 12728 5581198.0
epoch 1060 670 1024 10664 74139.6796875
epoch 1061 889 1024 14316 1776772.375
epoch 1062 826 1024 12764 149083.453125
epoch 1063 911 1024 14652 318587.125
epoch 1064 1533 2048 27400 3094967.5
epoch 1065 1291 2048 23532 110232320.0
epoch 1066 1024 1024 16332 86933768.0
epoch 1067 1036 1024 16432 21563522.0
epoch 1068 1035 1024 16428 17359504.0
epoch 1069 1565 2048 27848 11373708.0
epoch 1070 784 1024 12364 64220800.0
epoch 1071 929 1024 14808 17088340.0
epoch 1072 1458 2048 26640 23551036.0
epoch 1073 795 1024 12516 46841592.0
epoch 1074 1308 2048 23704 13500656.0
epoch 1075 1006 1024 15996 8760964.0
epoch 1076 991 1024 15820 8872616.0
epoch 1077 1424 2048 25932 14429595.0
epoch 1078 1271 2048 23352 53846240.0
epoch 1079 885 1024 14368 71579952.0
epoch 1080 795 1024 12460 37898848.0
epoch 1081 1023 1024 16268 2158731.5
epoch 1082 1062 1024 16644 1671811.5
epoch 1083 804 1024 12588 5235566.0
epoch 1084 1024 1024 16332 152624.34375
epoch 1085 916 1024 14688 2286742.25
epoch 1086 908 1024 14636 2786.236328125
epoch 1087 869 1024 14112 50547.65625
epoch 1088 734 1024 11340 7464980.0
epoch 1089 803 1024 12516 882258.5625
epoch 1090 1791 2048 32532 49019852.0
epoch 1091 704 1024 11372 56700816.0
epoch 1092 1003 1024 16104 1820125.25
epoch 1093 852 1024 13916 4074502.25
epoch 1094 289 256 3280 76336192.0
epoch 1095 490 512 6504 15633664.0
epoch 1096 1546 2048 27324 18024648.0
epoch 1097 781 1024 12288 18093692.0
epoch 1098 798 1024 12488 7145372.0
epoch 1099 1051 1024 16564 7954.1357421875
epoch 1100 1445 2048 26104 11482588.0
epoch 1101 1325 2048 24048 40140604.0
epoch 1102 667 1024 10636 83728184.0
epoch 1103 551 512 7428 58832120.0
epoch 1104 785 1024 12368 11193244.0
epoch 1105 1028 1024 16380 1155991.25
epoch 1106 913 1024 14168 1767678.125
epoch 1107 1017 1024 16104 1336316.375
epoch 1108 1347 2048 24116 884004.875
epoch 1109 930 1024 14812 15769614.0
epoch 1110 800 1024 12500 9026122.0
epoch 1111 792 1024 12416 430532.40625
epoch 1112 1299 2048 23644 63745.4765625
epoch 1113 858 1024 13960 26309186.0
epoch 1114 1493 2048 26648 6369114.5
epoch 1115 965 1024 15584 53292464.0
epoch 1116 1221 2048 22328 21124084.0
epoch 1117 947 1024 15372 55403724.0
epoch 1118 993 1024 15832 20291816.0
epoch 1119 1469 2048 26376 1898835.5
epoch 1120 1037 1024 16448 23897928.0
epoch 1121 818 1024 12700 28771640.0
epoch 1122 1801 2048 32800 7105525.5
epoch 1123 1005 1024 16112 90476752.0
epoch 1124 1282 2048 23504 67965608.0
epoch 1125 997 1024 15864 36486172.0
epoch 1126 929 1024 14864 23359336.0
epoch 1127 1309 2048 23744 7491167.0
epoch 1128 1527 2048 27480 11433712.0
epoch 1129 1013 1024 16204 45690428.0
epoch 1130 1003 1024 15932 39376184.0
epoch 1131 1236 1024 19816 663649.375
epoch 1132 1749 2048 31084 1630837.875
epoch 1133 1875 2048 34396 12985204.0
epoch 1134 1560 2048 27808 53734136.0
epoch 1135 916 1024 14700 114735152.0
epoch 1136 1683 2048 31068 772010.75
epoch 1137 1877 2048 34416 2134628.0
epoch 1138 851 1024 13404 155584832.0
epoch 1139 1907 2048 34844 1143066.375
epoch 1140 1046 1024 16508 99564896.0
epoch 1141 1580 2048 27976 1799534.625
epoch 1142 1865 2048 33576 8398935.0
epoch 1143 1169 2048 21824 88634688.0
epoch 1144 1409 2048 25804 29272972.0
epoch 1145 1573 2048 27900 10963874.0
epoch 1146 1965 2048 35464 6603.49658203125
epoch 1147 1023 1024 16144 196729472.0
epoch 1148 1651 2048 30620 52407.94921875
epoch 1149 1431 2048 25980 30019160.0
epoch 1150 1448 2048 25672 6286924.0
epoch 1151 1364 2048 25180 3413580.0
epoch 1152 1877 2048 33688 19616928.0
epoch 1153 778 512 10500 491298912.0
epoch 1154 740 512 10008 268614080.0
epoch 1155 794 512 11436 110596544.0
epoch 1156 1824 2048 32984 13945587.0
epoch 1157 1480 2048 26652 13711754.0
epoch 1158 1441 2048 25960 11812084.0
epoch 1159 1912 2048 34908 503837.1875
epoch 1160 729 512 9912 356883968.0
epoch 1161 1436 2048 26008 34208552.0
epoch 1162 1667 2048 29076 14978694.0
epoch 1163 1699 2048 31260 6770549.0
epoch 1164 2352 4096 48472 530932256.0
epoch 1165 2019 2048 36424 29448288.0
epoch 1166 2001 2048 36184 65522160.0
epoch 1167 1809 2048 32856 60363120.0
epoch 1168 1808 2048 32852 34523492.0
epoch 1169 2057 2048 36904 7677421.5
epoch 1170 1999 2048 36172 5224335.0
epoch 1171 1868 2048 33600 1181606.375
epoch 1172 887 1024 14388 163909952.0
epoch 1173 1072 1024 16912 16918942.0
epoch 1174 1803 2048 32812 47060040.0
epoch 1175 1108 1024 17176 86687304.0
epoch 1176 1630 2048 30404 42522.15625
epoch 1177 1698 2048 30188 31038.384765625
epoch 1178 870 1024 14072 100946504.0
epoch 1179 992 1024 15824 29730020.0
epoch 1180 828 1024 12972 32947152.0
epoch 1181 735 1024 11708 14889384.0
epoch 1182 1439 2048 26060 34223100.0
epoch 1183 1199 2048 22092 734638.875
epoch 1184 1611 2048 28476 2763822.0
epoch 1185 1144 1024 17656 34652228.0
epoch 1186 1047 1024 16540 12021801.0
epoch 1187 1172 2048 21852 6406156.5
epoch 1188 1332 2048 24000 359976.96875
epoch 1189 1395 2048 25500 1277238.25
epoch 1190 1452 2048 26224 1243397.25
epoch 1191 992 1024 15824 25055988.0
epoch 1192 1411 2048 25812 15349620.0
epoch 1193 1550 2048 27720 66872.5
epoch 1194 1866 2048 34336 1108758.125
epoch 1195 1088 1024 16936 52804280.0
epoch 1196 1522 2048 26548 1168430.125
epoch 1197 1580 2048 28156 5050631.0
epoch 1198 1303 2048 23676 21771444.0
epoch 1199 1683 2048 31068 208915.109375
epoch 1200 1863 2048 34236 298213.71875
epoch 1201 387 512 5148 585275392.0
epoch 1202 1749 2048 32128 2497067.0
epoch 1203 1774 2048 32392 230329.25
epoch 1204 1081 1024 16888 65896520.0
epoch 1205 1047 1024 16516 22005844.0
epoch 1206 1429 2048 25488 6065813.0
epoch 1207 1905 2048 34832 21404766.0
epoch 1208 605 512 8136 289306368.0
epoch 1209 514 512 7120 202384192.0
epoch 1210 1218 2048 22480 4622842.0
epoch 1211 1315 2048 23780 36330.91015625
epoch 1212 1368 2048 25240 2227225.25
epoch 1213 1227 2048 22732 3021132.5
epoch 1214 1675 2048 29488 4988489.5
epoch 1215 228 256 2496 361113728.0
epoch 1216 1527 2048 27272 138461.03125
epoch 1217 911 1024 14652 60246196.0
epoch 1218 1521 2048 27436 2222983.0
epoch 1219 1417 2048 25884 9547819.0
epoch 1220 1011 1024 16156 58170224.0
epoch 1221 1526 2048 27472 16508.109375
epoch 1222 583 512 8172 160404224.0
epoch 1223 1038 1024 16396 15739647.0
epoch 1224 1691 2048 31148 8487924.0
epoch 1225 1538 2048 27608 19409472.0
epoch 1226 1483 2048 26916 13811704.0
epoch 1227 1451 2048 26232 8585892.0
epoch 1228 1551 2048 27724 2854877.0
epoch 1229 1520 2048 27404 2394561.5
epoch 1230 1388 2048 24896 4520214.0
epoch 1231 1571 2048 27964 10611.1455078125
epoch 1232 1241 2048 22940 14902576.0
epoch 1233 1587 2048 28072 6862536.0
epoch 1234 1211 2048 22432 14692194.0
epoch 1235 764 512 10376 104406336.0
epoch 1236 853 1024 13052 29980400.0
epoch 1237 1346 2048 24220 9848338.0
epoch 1238 1486 2048 26188 1043956.9375
epoch 1239 1160 2048 21596 61212332.0
epoch 1240 1632 2048 30412 22794560.0
epoch 1241 1009 1024 16144 99501088.0
epoch 1242 1467 2048 26476 5217791.0
epoch 1243 1113 1024 17576 32098220.0
epoch 1244 1099 1024 17200 18176316.0
epoch 1245 784 1024 12364 30395304.0
epoch 1246 1427 2048 25396 13647208.0
epoch 1247 1416 2048 25696 971230.5
epoch 1248 999 1024 16080 51112272.0
epoch 1249 1489 2048 26960 31789.720703125
epoch 1250 1792 2048 32656 10278656.0
epoch 1251 966 1024 15592 58683560.0
epoch 1252 556 512 7536 123328120.0
epoch 1253 503 512 6956 72194240.0
epoch 1254 991 1024 15820 981179.875
epoch 1255 1258 2048 23052 59731.15625
epoch 1256 1535 2048 27532 24915144.0
epoch 1257 1051 1024 16572 39374632.0
epoch 1258 1362 2048 24672 10881814.0
epoch 1259 1718 2048 31544 9338932.0
epoch 1260 1610 2048 29216 9180452.0
epoch 1261 1463 2048 26752 34044800.0
epoch 1262 922 1024 14732 105557776.0
epoch 1263 1085 1024 16908 36972216.0
epoch 1264 732 1024 11664 40579704.0
epoch 1265 1236 2048 22456 134077.71875
epoch 1266 1017 1024 16284 11847569.0
epoch 1267 782 1024 11948 41668068.0
epoch 1268 507 512 6892 33065488.0
epoch 1269 1408 2048 24872 19520046.0
epoch 1270 1441 2048 25564 9235316.0
epoch 1271 1444 2048 25592 928065.25
epoch 1272 523 512 7148 83385888.0
epoch 1273 797 1024 12480 16870402.0
epoch 1274 1678 2048 30860 3306433.5
epoch 1275 801 1024 12504 61781628.0
epoch 1276 1538 2048 27436 1465958.75
epoch 1277 1555 2048 27756 3410556.75
epoch 1278 1328 2048 24832 51109520.0
epoch 1279 1610 2048 28348 6051109.0
epoch 1280 1240 2048 22908 34454560.0
epoch 1281 1578 2048 27964 138803.109375
epoch 1282 1656 2048 28920 27689616.0
epoch 1283 789 1024 12400 109904096.0
epoch 1284 1437 2048 26048 4925.7744140625
epoch 1285 964 1024 15160 48523416.0
epoch 1286 1383 2048 25340 436336.9375
epoch 1287 1808 2048 32852 13795.0341796875
epoch 1288 1566 2048 27864 45015424.0
epoch 1289 1502 2048 27080 53674984.0
epoch 1290 575 512 7696 218230816.0
epoch 1291 1460 2048 26288 3412798.75
epoch 1292 533 512 7280 158878768.0
epoch 1293 810 1024 12648 41793696.0
epoch 1294 1251 2048 23004 582376.3125
epoch 1295 1506 2048 27184 10238644.0
epoch 1296 833 1024 13008 68223168.0
epoch 1297 1836 2048 33156 19766538.0
epoch 1298 946 1024 15376 88037808.0
epoch 1299 1551 2048 27724 775037.6875
epoch 1300 787 1024 12380 113500752.0
epoch 1301 1676 2048 29504 902652.625
epoch 1302 1066 1024 16748 62043484.0
epoch 1303 1120 1024 17384 34879376.0
epoch 1304 836 1024 13064 47739768.0
epoch 1305 800 1024 12500 16589246.0
epoch 1306 1507 2048 26940 1248672.25
epoch 1307 570 512 7672 126589696.0
epoch 1308 1801 2048 32776 5581340.0
epoch 1309 799 1024 12492 71395632.0
epoch 1310 590 512 7996 58497572.0
epoch 1311 1741 2048 31752 1157629.0
epoch 1312 785 1024 12368 65312700.0
epoch 1313 970 1024 15408 12667417.0
epoch 1314 1550 2048 27708 2657321.5
epoch 1315 1528 2048 27460 42878392.0
epoch 1316 1705 2048 31340 28132588.0
epoch 1317 1311 2048 23756 120950440.0
epoch 1318 1293 1024 21560 32041308.0
epoch 1319 1951 2048 35340 3210651.75
epoch 1320 1540 2048 27644 96015128.0
epoch 1321 1793 2048 32720 32685514.0
epoch 1322 1813 2048 32876 47382128.0
epoch 1323 2188 2048 38728 18501924.0
epoch 1324 1728 2048 31512 32718376.0
epoch 1325 2041 2048 36712 3343087.0
epoch 1326 755 512 11036 570314368.0
epoch 1327 1644 2048 28808 64211200.0
epoch 1328 1550 2048 27720 39572112.0
epoch 1329 1645 2048 30576 8288644.0
epoch 1330 1671 2048 29468 887142.6875
epoch 1331 1811 2048 32876 2495308.0
epoch 1332 1578 2048 28012 16723866.0
epoch 1333 1022 1024 16236 77278728.0
epoch 1334 1525 2048 27264 4667443.0
epoch 1335 1564 2048 27900 7589144.0
epoch 1336 1217 2048 22296 31833818.0
epoch 1337 1461 2048 26416 6196444.0
epoch 1338 1814 2048 32892 5607576.0
epoch 1339 1561 2048 27816 16127046.0
epoch 1340 2022 2048 36536 5004505.0
epoch 1341 1260 2048 23244 207359232.0
epoch 1342 910 1024 14656 261879760.0
epoch 1343 789 512 11384 169008160.0
epoch 1344 1507 2048 27104 3386347.5
epoch 1345 1455 2048 26252 506799.25
epoch 1346 1306 2048 23672 2493039.25
epoch 1347 1036 1024 16444 3612321.5
epoch 1348 1251 2048 22728 1855318.25
epoch 1349 1673 2048 29480 30065880.0
epoch 1350 1187 2048 21956 6210764.0
epoch 1351 1604 2048 28428 20014320.0
epoch 1352 1678 2048 31016 113666.8671875
epoch 1353 1123 1024 17428 114871688.0
epoch 1354 523 512 7208 155617344.0
epoch 1355 1264 2048 23096 27061.6796875
epoch 1356 1324 2048 23932 9528172.0
epoch 1357 1082 1024 17064 21103064.0
epoch 1358 410 256 4972 150552896.0
epoch 1359 1233 2048 22552 3865612.5
epoch 1360 1368 2048 25236 821157.125
epoch 1361 1051 1024 16572 10035116.0
epoch 1362 929 1024 14808 15110.7978515625
epoch 1363 575 512 7696 22216040.0
epoch 1364 983 1024 15740 7856288.0
epoch 1365 767 1024 12044 9157504.0
epoch 1366 935 1024 15020 1919622.125
epoch 1367 788 1024 12396 1354733.25
epoch 1368 732 1024 11692 658022.125
epoch 1369 480 512 6604 17847936.0
epoch 1370 782 1024 12284 737502.5
epoch 1371 1140 1024 17848 11263032.0
epoch 1372 813 1024 13036 24178938.0
epoch 1373 823 1024 12764 11250072.0
epoch 1374 941 1024 14968 1588961.0
epoch 1375 522 512 7200 27733268.0
epoch 1376 957 1024 15112 2589632.5
epoch 1377 587 512 7980 10684022.0
epoch 1378 946 1024 15016 1421193.125
epoch 1379 824 1024 12744 2911291.25
epoch 1380 891 1024 13572 367699.8125
epoch 1381 358 512 4848 53795176.0
epoch 1382 433 512 5776 16023872.0
epoch 1383 907 1024 14604 1117163.5
epoch 1384 578 512 7724 10125712.0
epoch 1385 795 1024 12460 134619.1875
epoch 1386 799 1024 12540 12762111.0
epoch 1387 702 1024 11016 7225203.0
epoch 1388 447 512 5900 20968266.0
epoch 1389 1039 1024 16460 1496350.5
epoch 1390 299 256 3404 55169528.0
epoch 1391 918 1024 14736 373755.09375
epoch 1392 991 1024 15820 2782869.5
epoch 1393 795 1024 12472 11424574.0
epoch 1394 991 1024 15628 24105072.0
epoch 1395 978 1024 15704 29033312.0
epoch 1396 931 1024 14816 8645730.0
epoch 1397 985 1024 15776 3552893.0
epoch 1398 1008 1024 16128 91040.625
epoch 1399 396 256 4908 53881648.0
epoch 1400 1040 1024 16464 3222002.75
epoch 1401 925 1024 14784 4846710.0
epoch 1402 951 1024 15068 1221551.875
epoch 1403 1273 2048 23240 827112.9375
epoch 1404 913 1024 14672 29360244.0
epoch 1405 1008 1024 16016 5221349.0
epoch 1406 991 1024 15820 737059.375
epoch 1407 958 1024 15116 149269.84375
epoch 1408 706 1024 11036 6725625.0
epoch 1409 1045 1024 16528 12737132.0
epoch 1410 954 1024 15456 4183407.0
epoch 1411 1020 1024 16312 624680.0
epoch 1412 1167 2048 21788 13715709.0
epoch 1413 999 1024 15960 23185756.0
epoch 1414 800 1024 12488 32491658.0
epoch 1415 1046 1024 16508 1016758.75
epoch 1416 1186 1024 18952 395065.8125
epoch 1417 1432 2048 26012 15158227.0
epoch 1418 799 1024 12492 63206264.0
epoch 1419 1068 1024 16712 5735678.5
epoch 1420 878 1024 14200 18672410.0
epoch 1421 852 1024 13916 13612060.0
epoch 1422 930 1024 14812 1023652.25
epoch 1423 1461 2048 26296 17354.49609375
epoch 1424 1321 2048 23848 67245200.0
epoch 1425 940 1024 14972 59672404.0
epoch 1426 1403 2048 25552 26032888.0
epoch 1427 921 1024 14752 73875176.0
epoch 1428 1586 2048 28076 1348043.25
epoch 1429 981 1024 15728 51024292.0
epoch 1430 1039 1024 16460 10276436.0
epoch 1431 1420 2048 25900 1853311.0
epoch 1432 809 1024 12640 37777384.0
epoch 1433 1018 1024 16204 3042535.5
epoch 1434 1039 1024 16460 1460038.75
epoch 1435 1445 2048 26152 3283851.5
epoch 1436 967 1024 15548 23562390.0
epoch 1437 777 512 11296 38180232.0
epoch 1438 1495 2048 26332 7575206.0
epoch 1439 788 1024 12396 35586304.0
epoch 1440 1042 1024 16476 684100.9375
epoch 1441 547 512 7396 48818028.0
epoch 1442 1166 1024 18252 4678640.0
epoch 1443 979 1024 15708 3752267.5
epoch 1444 923 1024 14764 13479530.0
epoch 1445 822 1024 12844 5747025.0
epoch 1446 987 1024 15788 1284928.75
epoch 1447 933 1024 14840 2892094.5
epoch 1448 922 1024 14760 1076735.75
epoch 1449 793 1024 12412 4307798.0
epoch 1450 825 1024 12896 439968.90625
epoch 1451 1006 1024 16128 2816907.0
epoch 1452 528 512 7244 62647548.0
epoch 1453 1011 1024 16156 3035371.0
epoch 1454 1039 1024 16460 486272.78125
epoch 1455 731 1024 11660 29133532.0
epoch 1456 570 512 7784 27344096.0
epoch 1457 1041 1024 16496 6266993.5
epoch 1458 782 1024 12296 6826261.0
epoch 1459 1117 1024 17608 8249345.0
epoch 1460 514 512 7088 34865192.0
epoch 1461 565 512 7632 9828842.0
epoch 1462 735 1024 11468 28296.15625
epoch 1463 899 1024 13708 3631546.0
epoch 1464 1032 1024 16412 7407609.0
epoch 1465 917 1024 14732 23406.46875
epoch 1466 491 512 6880 30166158.0
epoch 1467 889 1024 14392 2496746.0
epoch 1468 581 512 7800 11356115.0
epoch 1469 545 512 7384 2736928.25
epoch 1470 896 1024 14352 1935888.5
epoch 1471 1055 1024 16620 150675.671875
epoch 1472 923 1024 14764 14523772.0
epoch 1473 545 512 7384 20348668.0
epoch 1474 944 1024 15104 107246.7578125
epoch 1475 859 1024 13964 7547322.0
epoch 1476 999 1024 16044 9245554.0
epoch 1477 1476 2048 26784 2538230.5
epoch 1478 1105 2048 21048 100293968.0
epoch 1479 542 512 7368 184361600.0
epoch 1480 556 512 7488 110914384.0
epoch 1481 1036 1024 16444 21453544.0
epoch 1482 1315 2048 23788 3873781.0
epoch 1483 783 1024 12348 70375784.0
epoch 1484 1572 2048 27944 7285466.0
epoch 1485 864 1024 14028 105160032.0
epoch 1486 1039 1024 16460 69119720.0
epoch 1487 1070 1024 16780 39633196.0
epoch 1488 994 1024 15836 21827752.0
epoch 1489 798 1024 12488 30735856.0
epoch 1490 575 512 7820 36389008.0
epoch 1491 694 1024 10924 4346289.0
epoch 1492 920 1024 14748 921440.875
epoch 1493 1355 2048 24340 739406.5625
epoch 1494 1036 1024 16444 59559968.0
epoch 1495 1518 2048 27224 9581924.0
epoch 1496 1041 1024 16472 59127656.0
epoch 1497 1045 1024 16528 12713764.0
epoch 1498 875 1024 13436 19964574.0
epoch 1499 1813 2048 31896 19214390.0
epoch 1500 906 1024 14624 68446976.0
epoch 1501 894 1024 14428 24656818.0
epoch 1502 1157 1024 18192 662866.5
epoch 1503 1067 1024 16708 2087242.0
epoch 1504 866 1024 13284 645355.1875
epoch 1505 1101 1024 17100 7749662.0
epoch 1506 1088 1024 16936 934019.6875
epoch 1507 791 1024 12400 6138878.0
epoch 1508 869 1024 13560 110387.21875
epoch 1509 1189 2048 21992 880905.0
epoch 1510 912 1024 14172 3250872.75
epoch 1511 1545 2048 27512 8587251.0
epoch 1512 1090 1024 17824 11096823.0
epoch 1513 1034 1024 16432 7387358.5
epoch 1514 1424 2048 25924 1894817.0
epoch 1515 1346 2048 24976 12844430.0
epoch 1516 978 1024 15700 35584976.0
epoch 1517 755 1024 12052 38158520.0
epoch 1518 1046 1024 16536 263309.5625
epoch 1519 1271 2048 22980 227118.125
epoch 1520 947 1024 15036 8600242.0
epoch 1521 922 1024 13892 7277974.0
epoch 1522 654 512 9020 4604020.5
epoch 1523 791 1024 12436 728732.375
epoch 1524 512 512 6932 8615988.0
epoch 1525 824 1024 13116 3959660.5
epoch 1526 505 512 6616 14039534.0
epoch 1527 530 512 7228 3309161.25
epoch 1528 222 256 2480 22784400.0
epoch 1529 1066 1024 16748 35744120.0
epoch 1530 530 512 7256 3041053.0
epoch 1531 1007 1024 16012 7543087.0
epoch 1532 932 1024 14880 2319375.25
epoch 1533 1044 1024 16500 2237654.0
epoch 1534 1053 1024 16584 929720.125
epoch 1535 1122 1024 17424 1352371.875
epoch 1536 889 1024 14428 30925940.0
epoch 1537 802 1024 12520 13692272.0
epoch 1538 1360 2048 24400 10096217.0
epoch 1539 1035 1024 16428 13693430.0
epoch 1540 719 1024 11572 30759366.0
epoch 1541 1003 1024 16100 138801.1875
epoch 1542 1426 2048 25944 4672684.0
epoch 1543 1019 1024 16236 18066024.0
epoch 1544 557 512 7496 39363496.0
epoch 1545 1529 2048 27368 16330371.0
epoch 1546 1398 2048 25528 15460006.0
epoch 1547 967 1024 15384 56184316.0
epoch 1548 1306 1024 20668 500955.59375
epoch 1549 1048 1024 16520 20396464.0
epoch 1550 1490 2048 26548 11138087.0
epoch 1551 679 1024 10748 78545984.0
epoch 1552 1057 1024 16676 1810889.25
epoch 1553 784 1024 12364 16316644.0
epoch 1554 1053 1024 16584 188239.90625
epoch 1555 1235 1024 19836 11956068.0
epoch 1556 1553 2048 27736 5995761.0
epoch 1557 1045 1024 16528 39009824.0
epoch 1558 954 1024 15456 26389240.0
epoch 1559 1511 2048 26972 2529348.75
epoch 1560 1410 2048 25808 11700888.0
epoch 1561 985 1024 15752 53393384.0
epoch 1562 334 256 3896 151133152.0
epoch 1563 529 512 7248 36474840.0
epoch 1564 1840 2048 33176 27539410.0
epoch 1565 1004 1024 15688 47117104.0
epoch 1566 1187 1024 18508 9237245.0
epoch 1567 994 1024 15848 20330468.0
epoch 1568 1530 2048 27496 8963584.0
epoch 1569 1538 2048 27548 22758940.0
epoch 1570 1004 1024 16108 112684912.0
epoch 1571 1567 2048 27860 26010846.0
epoch 1572 964 1024 15160 61722600.0
epoch 1573 698 1024 10956 66277644.0
epoch 1574 1035 1024 16428 13949360.0
epoch 1575 1638 2048 30456 4508848.0
epoch 1576 1424 2048 25932 37047488.0
epoch 1577 1311 2048 23756 31921248.0
epoch 1578 1574 2048 27932 9898924.0
epoch 1579 1035 1024 16428 70653904.0
epoch 1580 1547 2048 27692 885581.875
epoch 1581 1299 2048 23644 14871782.0
epoch 1582 993 1024 15892 36005352.0
epoch 1583 1905 2048 34832 9555771.0
epoch 1584 897 1024 14480 144068336.0
epoch 1585 483 512 6620 145453248.0
epoch 1586 977 1024 15696 24670954.0
epoch 1587 1526 2048 27436 13284888.0
epoch 1588 1013 1024 16056 23857890.0
epoch 1589 1555 2048 27772 218540.84375
epoch 1590 1733 2048 31996 11649122.0
epoch 1591 1487 2048 26700 31642160.0
epoch 1592 1556 2048 27752 18228704.0
epoch 1593 1683 2048 31068 40735952.0
epoch 1594 922 1024 14732 142938720.0
epoch 1595 1401 2048 25496 13934533.0
epoch 1596 1575 2048 27996 7882131.0
epoch 1597 1912 2048 34908 53069680.0
epoch 1598 1113 1024 17336 246660240.0
epoch 1599 881 1024 13840 139419104.0
epoch 1600 1284 2048 23336 46215400.0
epoch 1601 1915 2048 34932 8487977.0
epoch 1602 987 1024 15788 391940512.0
epoch 1603 1018 1024 16204 202547888.0
epoch 1604 1423 2048 25844 56235464.0
epoch 1605 1713 2048 31384 17010358.0
epoch 1606 1047 1024 16540 131969952.0
epoch 1607 1844 2048 33208 2319752.5
epoch 1608 1389 2048 24712 63276088.0
epoch 1609 1307 2048 23724 33408956.0
epoch 1610 588 512 7816 142630496.0
epoch 1611 888 1024 14396 51187484.0
epoch 1612 850 1024 13820 27938258.0
epoch 1613 1777 2048 32348 27075846.0
epoch 1614 1012 1024 16244 81983872.0
epoch 1615 1331 2048 23924 39685524.0
epoch 1616 1096 1024 17016 41188376.0
epoch 1617 1629 2048 30384 520710.4375
epoch 1618 1550 2048 27716 35539776.0
epoch 1619 1270 2048 23336 89410400.0
epoch 1620 1588 2048 28088 71378688.0
epoch 1621 1582 2048 28044 5599253.0
epoch 1622 967 1024 15596 138764896.0
epoch 1623 1539 2048 27612 1106.360595703125
epoch 1624 1742 2048 31812 24040.619140625
epoch 1625 825 1024 12956 149665472.0
epoch 1626 939 1024 14908 45205936.0
epoch 1627 1751 2048 32112 31684080.0
epoch 1628 1030 1024 16316 26720538.0
epoch 1629 985 1024 15528 18345038.0
epoch 1630 1470 2048 26380 6694090.0
epoch 1631 1033 1024 16416 23710792.0
epoch 1632 1126 1024 17752 568.9381103515625
epoch 1633 656 1024 10528 38195064.0
epoch 1634 977 1024 15448 1042693.5
epoch 1635 535 512 7244 33919648.0
epoch 1636 670 512 9164 2647786.0
epoch 1637 1118 1024 17420 2440465.0
epoch 1638 1028 1024 15960 2529047.75
epoch 1639 1125 1024 17436 1389877.875
epoch 1640 468 512 6240 65123728.0
epoch 1641 1079 1024 16876 340.3304443359375
epoch 1642 980 1024 15716 7906070.5
epoch 1643 1503 2048 27084 2588428.5
epoch 1644 538 512 7308 83159120.0
epoch 1645 774 1024 12204 14798323.0
epoch 1646 1045 1024 16504 1459508.5
epoch 1647 914 1024 14680 13743698.0
epoch 1648 764 1024 12112 10786352.0
epoch 1649 1095 1024 17096 505.2018737792969
epoch 1650 1170 1024 18284 2491807.5
epoch 1651 829 1024 12808 4637042.0
epoch 1652 925 1024 14776 532342.125
epoch 1653 932 1024 14836 3611086.75
epoch 1654 1439 2048 26060 3922995.0
epoch 1655 847 1024 13804 47003888.0
epoch 1656 978 1024 15728 2933205.5
epoch 1657 1324 2048 23932 4946722.0
epoch 1658 1042 1024 16476 7145390.0
epoch 1659 1135 1024 17836 1813295.375
epoch 1660 1563 2048 27836 4670.462890625
epoch 1661 987 1024 15772 30619516.0
epoch 1662 1620 2048 30300 2343081.5
epoch 1663 1165 2048 21776 59136712.0
epoch 1664 1555 2048 27772 8655726.0
epoch 1665 1424 2048 25932 62621200.0
epoch 1666 1677 2048 31036 44125056.0
epoch 1667 1311 2048 23756 43169696.0
epoch 1668 1547 2048 27704 5114776.0
epoch 1669 1544 2048 27676 6441547.0
epoch 1670 1050 1024 16556 47577304.0
epoch 1671 1203 2048 22172 2334034.25
epoch 1672 737 1024 11536 47824064.0
epoch 1673 1586 2048 28212 34130572.0
epoch 1674 1555 2048 27772 4023928.5
epoch 1675 1509 2048 27332 23824084.0
epoch 1676 1920 2048 35008 3445345.25
epoch 1677 672 512 9176 757711232.0
epoch 1678 1978 2048 35944 1723595.0
epoch 1679 1307 1024 21572 171323456.0
epoch 1680 1553 2048 27736 8460284.0
epoch 1681 1695 2048 31180 11170021.0
epoch 1682 869 1024 14112 129683016.0
epoch 1683 1639 2048 30460 449.7051086425781
epoch 1684 1718 2048 31420 681674.3125
epoch 1685 1047 1024 16540 67396152.0
epoch 1686 1054 1024 16588 18548936.0
epoch 1687 1009 1024 15304 6446631.0
epoch 1688 1057 1024 16632 74408.4609375
epoch 1689 1821 2048 32968 10978422.0
epoch 1690 660 1024 10588 117089920.0
epoch 1691 1762 2048 32220 212825.8125
epoch 1692 1040 1024 16464 18697626.0
epoch 1693 1853 2048 33416 11972815.0
epoch 1694 1029 1024 16396 46835632.0
epoch 1695 744 512 10088 114572992.0
epoch 1696 911 1024 14664 11284958.0
epoch 1697 1488 2048 26956 289946.875
epoch 1698 1083 1024 17320 2482062.0
epoch 1699 1238 1024 19164 1875687.875
epoch 1700 788 1024 12384 20799424.0
epoch 1701 873 1024 13416 1312683.0
epoch 1702 1194 2048 22100 3923493.0
epoch 1703 995 1024 15840 2712503.25
epoch 1704 928 1024 14812 2411810.5
epoch 1705 813 1024 12664 4511762.0
epoch 1706 519 512 7156 24928676.0
epoch 1707 903 1024 14584 1344182.0
epoch 1708 878 1024 14332 6726177.0
epoch 1709 914 1024 14704 8938.646484375
epoch 1710 591 512 8012 17100580.0
epoch 1711 993 1024 15832 1491525.75
epoch 1712 849 1024 13888 8676869.0
epoch 1713 901 1024 13912 84435.6484375
epoch 1714 894 1024 14428 416675.5
epoch 1715 1031 1024 16380 2138002.25
epoch 1716 919 1024 14716 4392390.0
epoch 1717 1305 2048 23688 3856940.0
epoch 1718 1548 2048 27696 5767644.5
epoch 1719 529 512 7248 123068192.0
epoch 1720 843 1024 13100 23510266.0
epoch 1721 901 1024 14560 10460214.0
epoch 1722 858 1024 13116 7189622.0
epoch 1723 1054 1024 16588 198868.96875
epoch 1724 1544 2048 27592 2170757.5
epoch 1725 810 1024 12648 36127008.0
epoch 1726 1552 2048 27728 572361.875
epoch 1727 1421 2048 25876 15555621.0
epoch 1728 794 1024 12456 36874036.0
epoch 1729 1296 2048 23628 14924915.0
epoch 1730 1687 2048 30080 4806608.0
epoch 1731 459 512 6060 158686064.0
epoch 1732 1044 1024 16488 13904416.0
epoch 1733 1692 2048 31164 5508661.0
epoch 1734 1506 2048 27112 128253352.0
epoch 1735 1433 2048 26016 90089712.0
epoch 1736 1757 2048 31176 53327768.0
epoch 1737 942 1024 14980 123026232.0
epoch 1738 1072 1024 16792 56994516.0
epoch 1739 969 1024 15644 74033680.0
epoch 1740 1257 2048 23048 8635968.0
epoch 1741 1509 2048 27324 532322.5
epoch 1742 1692 2048 31152 1858551.0
epoch 1743 1506 2048 27100 21111610.0
epoch 1744 1066 1024 16700 51208384.0
epoch 1745 1141 1024 17628 16741538.0
epoch 1746 877 1024 14192 16573752.0
epoch 1747 1575 2048 27948 6872224.0
epoch 1748 1633 2048 28892 2301.669921875
epoch 1749 1430 2048 25976 896326.375
epoch 1750 1086 1024 16916 34071716.0
epoch 1751 1617 2048 30284 1646146.75
epoch 1752 1697 2048 29704 4210975.0
epoch 1753 899 1024 14552 74931768.0
epoch 1754 1558 2048 27856 1810548.875
epoch 1755 1068 1024 16712 39860648.0
epoch 1756 1687 2048 31128 40523.5
epoch 1757 1838 2048 33164 39690.8515625
epoch 1758 1391 2048 25600 42001528.0
epoch 1759 1543 2048 27644 3223519.5
epoch 1760 1180 1024 18376 59402400.0
epoch 1761 1303 2048 23676 220515.65625
epoch 1762 1579 2048 28028 13755218.0
epoch 1763 1370 2048 25248 8102697.5
epoch 1764 1402 2048 25672 1064204.375
epoch 1765 859 1024 13964 44399932.0
epoch 1766 1815 2048 32924 22949882.0
epoch 1767 1141 1024 17880 79928816.0
epoch 1768 1015 1024 16068 30955228.0
epoch 1769 1187 2048 21980 8002733.0
epoch 1770 785 1024 12372 33357884.0
epoch 1771 1749 2048 31888 20029988.0
epoch 1772 906 1024 14624 64945808.0
epoch 1773 918 1024 14204 25516484.0
epoch 1774 1729 2048 31640 6217064.0
epoch 1775 1436 2048 26008 48873688.0
epoch 1776 1552 2048 27728 34949732.0
epoch 1777 1092 1024 16984 94277160.0
epoch 1778 1527 2048 27452 9609102.0
epoch 1779 1512 2048 27168 810191.875
epoch 1780 1696 2048 31604 6031820.5
epoch 1781 1021 1024 16244 129635040.0
epoch 1782 1459 2048 26644 4886453.5
epoch 1783 910 1024 14152 60549304.0
epoch 1784 1017 1024 16224 21213304.0
epoch 1785 1432 2048 25480 2781904.0
epoch 1786 1529 2048 27488 1723278.5
epoch 1787 1430 2048 25928 9019138.0
epoch 1788 1703 2048 31308 538442.375
epoch 1789 1648 2048 30604 4620860.0
epoch 1790 1698 2048 29684 10878159.0
epoch 1791 886 1024 13508 90681120.0
epoch 1792 1428 2048 25484 1375178.0
epoch 1793 1247 2048 22972 9725854.0
epoch 1794 1457 2048 26384 24619.91015625
epoch 1795 1551 2048 27752 241226.203125
epoch 1796 724 512 9872 231078240.0
epoch 1797 1801 2048 32800 2350056.5
epoch 1798 1038 1024 16480 139044224.0
epoch 1799 513 512 7116 196842784.0
epoch 1800 1116 1024 17352 29318298.0
epoch 1801 923 1024 14764 46451708.0
epoch 1802 961 1024 15504 22592706.0
epoch 1803 1186 2048 21976 17680584.0
epoch 1804 957 1024 15112 33104158.0
epoch 1805 954 1024 15420 9283290.0
epoch 1806 993 1024 15832 764036.5
epoch 1807 1398 2048 24808 548883.5
epoch 1808 727 1024 11628 80714464.0
epoch 1809 1526 2048 27472 763388.9375
epoch 1810 1365 2048 24440 17603448.0
epoch 1811 1497 2048 27040 456940.5
epoch 1812 1394 2048 25616 3981156.25
epoch 1813 1592 2048 28232 641765.0625
epoch 1814 1875 2048 34396 49282.4375
epoch 1815 1132 1024 17544 157053440.0
epoch 1816 913 1024 14168 102011648.0
epoch 1817 959 1024 14616 49412584.0
epoch 1818 1507 2048 27284 103386.703125
epoch 1819 1241 2048 22664 12500416.0
epoch 1820 1084 1024 16904 34487424.0
epoch 1821 1482 2048 26912 1620913.75
epoch 1822 1554 2048 27740 689326.875
epoch 1823 1357 2048 24624 21289494.0
epoch 1824 1312 2048 23760 6063709.5
epoch 1825 1053 1024 16584 26583948.0
epoch 1826 1746 2048 30348 29146684.0
epoch 1827 1343 2048 24140 6834977.0
epoch 1828 1446 2048 26156 152718.96875
epoch 1829 1319 2048 23836 608724.125
epoch 1830 1377 2048 24792 6984836.5
epoch 1831 580 512 7736 180033360.0
epoch 1832 1193 2048 22024 591514.5625
epoch 1833 1484 2048 26672 13546196.0
epoch 1834 1362 2048 25168 94250.46875
epoch 1835 811 1024 12652 47068892.0
epoch 1836 1786 2048 32624 38162040.0
epoch 1837 1492 2048 27004 10854303.0
epoch 1838 1274 2048 23244 26136784.0
epoch 1839 1402 2048 25192 1544590.25
epoch 1840 1750 2048 32120 4422932.5
epoch 1841 1558 2048 27800 17508880.0
epoch 1842 1481 2048 26880 52111.953125
epoch 1843 1763 2048 32252 1460460.0
epoch 1844 1297 2048 23576 78294080.0
epoch 1845 1724 2048 31908 30307328.0
epoch 1846 1503 2048 27084 52398956.0
epoch 1847 1688 2048 31132 9496161.0
epoch 1848 1533 2048 27520 12516180.0
epoch 1849 1284 2048 23456 8548768.0
epoch 1850 1196 1024 18568 92521360.0
epoch 1851 1275 2048 23372 2536.1357421875
epoch 1852 1535 2048 27532 12897643.0
epoch 1853 897 1024 14540 54070304.0
epoch 1854 666 1024 10656 40750392.0
epoch 1855 1023 1024 16268 1375273.25
epoch 1856 492 512 6512 85436512.0
epoch 1857 791 1024 12404 401736.34375
epoch 1858 1312 2048 23760 690632.75
epoch 1859 802 1024 12592 59752364.0
epoch 1860 559 512 7564 41414132.0
epoch 1861 524 512 7212 37707648.0
epoch 1862 920 1024 14720 1943142.125
epoch 1863 970 1024 15372 389322.25
epoch 1864 731 1024 11660 13496114.0
epoch 1865 969 1024 15560 2605497.0
epoch 1866 905 1024 14124 497893.5625
epoch 1867 991 1024 15820 1648743.25
epoch 1868 1425 2048 25432 4421994.0
epoch 1869 1200 2048 22156 30589982.0
epoch 1870 1412 2048 25820 20978764.0
epoch 1871 1022 1024 16312 49474088.0
epoch 1872 1177 1024 18360 16593156.0
epoch 1873 1321 2048 23904 10943658.0
epoch 1874 1516 2048 27372 231491.0625
epoch 1875 1391 2048 25420 23959076.0
epoch 1876 1048 1024 16604 68370304.0
epoch 1877 1516 2048 27260 2634915.5
epoch 1878 949 1024 15392 96616384.0
epoch 1879 1025 1024 16328 19694456.0
epoch 1880 1313 2048 23768 6068260.0
epoch 1881 1418 2048 25392 302340.5
epoch 1882 1508 2048 27292 14206896.0
epoch 1883 914 1024 14680 62232152.0
epoch 1884 1379 2048 25308 1789873.75
epoch 1885 994 1024 15896 31939180.0
epoch 1886 1322 2048 23912 5372.58349609375
epoch 1887 790 1024 12408 40453052.0
epoch 1888 1022 1024 16264 1303143.875
epoch 1889 1393 2048 24732 5400203.0
epoch 1890 568 512 7648 83616976.0
epoch 1891 1038 1024 16456 2639449.0
epoch 1892 1282 2048 23324 10023694.0
epoch 1893 750 1024 12016 78193968.0
epoch 1894 793 1024 12448 31481028.0
epoch 1895 795 1024 12472 18226960.0
epoch 1896 1065 1024 16744 190071.90625
epoch 1897 1032 1024 16400 547420.875
epoch 1898 1021 1024 16304 302652.46875
epoch 1899 1059 1024 16652 3178267.25
epoch 1900 667 1024 10660 20870576.0
epoch 1901 907 1024 14604 3161696.75
epoch 1902 879 1024 13708 586.4114990234375
epoch 1903 970 1024 15400 1401625.125
epoch 1904 768 1024 12196 4716549.0
epoch 1905 637 512 8520 15352275.0
epoch 1906 1008 1024 15960 5026253.0
epoch 1907 1062 1024 16728 1218318.5
epoch 1908 1264 2048 23292 2137887.25
epoch 1909 1564 2048 28024 11786684.0
epoch 1910 1025 1024 16328 33265108.0
epoch 1911 961 1024 15504 16948070.0
epoch 1912 968 1024 15612 3985278.0
epoch 1913 988 1024 15792 2317845.75
epoch 1914 789 1024 12428 4549960.5
epoch 1915 1002 1024 15900 11461686.0
epoch 1916 678 1024 10744 12563614.0
epoch 1917 771 1024 12064 2294897.0
epoch 1918 1049 1024 16552 5948308.0
epoch 1919 951 1024 15044 966343.625
epoch 1920 602 512 8864 58553720.0
epoch 1921 912 1024 14668 2163828.75
epoch 1922 759 1024 11964 1160439.25
epoch 1923 1316 2048 23784 19030480.0
epoch 1924 1190 2048 21996 190221.109375
epoch 1925 1313 2048 23824 1405189.75
epoch 1926 807 1024 12572 11886256.0
epoch 1927 1021 1024 16248 448730.15625
epoch 1928 787 1024 12380 12097639.0
epoch 1929 1279 2048 23420 2204750.5
epoch 1930 761 1024 11976 20040786.0
epoch 1931 1304 2048 23708 127192.9765625
epoch 1932 1004 1024 16108 17751332.0
epoch 1933 609 512 8168 50772720.0
epoch 1934 1004 1024 15996 601201.875
epoch 1935 1403 2048 25676 889.8515014648438
epoch 1936 971 1024 15644 36113828.0
epoch 1937 1029 1024 16368 12748092.0
epoch 1938 1063 1024 16648 15275806.0
epoch 1939 764 1024 12028 35718944.0
epoch 1940 887 1024 14268 9872484.0
epoch 1941 545 512 7384 28993046.0
epoch 1942 1312 2048 23772 145960.546875
epoch 1943 1040 1024 16464 6691330.5
epoch 1944 984 1024 15772 8590496.0
epoch 1945 419 512 5596 55015208.0
epoch 1946 799 1024 12492 5782994.0
epoch 1947 984 1024 15688 334743.5
epoch 1948 796 1024 12468 11817769.0
epoch 1949 1055 1024 16596 2283115.5
epoch 1950 978 1024 15704 411783.9375
epoch 1951 1319 2048 23836 1462479.125
epoch 1952 1393 2048 25608 139417376.0
epoch 1953 780 1024 12332 259182368.0
epoch 1954 1293 2048 23600 108749728.0
epoch 1955 581 512 7936 187701584.0
epoch 1956 915 1024 14684 76451904.0
epoch 1957 1566 2048 27852 2675821.0
epoch 1958 1426 2048 25944 39664108.0
epoch 1959 980 1024 15712 104801744.0
epoch 1960 1424 2048 25932 7659875.0
epoch 1961 1692 2048 31164 7583464.0
epoch 1962 2043 2048 36780 24514.501953125
epoch 1963 929 1024 14808 278742528.0
epoch 1964 1038 1024 16456 78637232.0
epoch 1965 985 1024 15752 64025592.0
epoch 1966 1040 1024 16464 16392798.0
epoch 1967 1594 2048 28216 2526517.25
epoch 1968 832 1024 12824 130827304.0
epoch 1969 1506 2048 27280 4793.4169921875
epoch 1970 1020 1024 16252 63364900.0
epoch 1971 779 1024 12328 68463792.0
epoch 1972 1581 2048 28040 8039734.0
epoch 1973 814 1024 12668 83324888.0
epoch 1974 1696 2048 31196 9013118.0
epoch 1975 588 512 7984 103843800.0
epoch 1976 1019 1024 16220 4217653.5
epoch 1977 1305 2048 23712 2215948.5
epoch 1978 913 1024 14672 21332188.0
epoch 1979 1310 2048 23752 2040095.625
epoch 1980 932 1024 14824 16520052.0
epoch 1981 1758 2048 32188 20323.13671875
epoch 1982 783 1024 12348 117027992.0
epoch 1983 1731 2048 31708 11312912.0
epoch 1984 1460 2048 26676 82251472.0
epoch 1985 1297 2048 23632 141830480.0
epoch 1986 1790 2048 32648 21047060.0
epoch 1987 1565 2048 27872 65613072.0
epoch 1988 1441 2048 26072 30853644.0
epoch 1989 1757 2048 31944 140823.75
epoch 1990 1225 2048 22720 27986608.0
epoch 1991 1136 1024 17576 55625280.0
epoch 1992 1117 1024 17608 15486158.0
epoch 1993 1590 2048 28100 17873464.0
epoch 1994 1312 2048 23760 2109.73974609375
epoch 1995 1474 2048 26832 363997.75
epoch 1996 1441 2048 26072 14961.4169921875
epoch 1997 912 1024 14668 39420416.0
epoch 1998 970 1024 14892 21982412.0
epoch 1999 602 512 8176 32995318.0
epoch 2000 1349 2048 24124 29037730.0