epoch 1 263 256 2988 3372123.0
epoch 2 199 128 1876 4309539.5
epoch 3 161 128 1456 4144876.0
epoch 4 291 256 3292 4731132.5
epoch 5 335 256 3884 6426509.5
epoch 6 294 256 3368 6806566.0
epoch 7 162 128 1488 4795791.5
epoch 8 371 512 4956 6598145.5
epoch 9 310 256 3512 7698172.0
epoch 10 294 256 3320 6818534.0
epoch 11 437 512 5836 8038868.0
epoch 12 557 512 7496 14386784.0
epoch 13 475 512 6208 14878234.0
epoch 14 233 128 2336 12179102.0
epoch 15 307 256 3484 9935618.0
epoch 16 367 512 4908 10973606.0
epoch 17 380 256 4296 10098426.0
epoch 18 611 512 8056 17360704.0
epoch 19 369 256 4272 17212118.0
epoch 20 516 512 6796 17795828.0
epoch 21 462 512 6028 16693282.0
epoch 22 369 512 4944 17817902.0
epoch 23 289 256 3280 14654750.0
epoch 24 273 256 3136 12075128.0
epoch 25 381 256 4600 11110490.0
epoch 26 948 1024 15052 33394210.0
epoch 27 387 256 4572 28055638.0
epoch 28 619 512 8316 26690268.0
epoch 29 525 512 6856 24691568.0
epoch 30 766 1024 12040 41363272.0
epoch 31 384 256 4736 32273480.0
epoch 32 343 256 3916 25447218.0
epoch 33 450 512 5928 23296058.0
epoch 34 394 256 4784 23233676.0
epoch 35 896 1024 13512 34650804.0
epoch 36 650 512 8580 39257288.0
epoch 37 543 512 7372 36564172.0
epoch 38 622 512 8692 42252800.0
epoch 39 675 512 8856 33955664.0
epoch 40 1056 1024 16488 66075264.0
epoch 41 169 64 1416 46459288.0
epoch 42 438 512 5804 38363688.0
epoch 43 575 512 7724 40899308.0
epoch 44 616 512 8120 32677338.0
epoch 45 585 512 7800 36720972.0
epoch 46 251 128 2552 30333850.0
epoch 47 452 256 5552 24005480.0
epoch 48 932 1024 14412 43786824.0
epoch 49 470 512 6252 31964878.0
epoch 50 499 512 6812 27512820.0
epoch 51 216 128 2004 20481436.0
epoch 52 729 512 10164 27456956.0
epoch 53 536 512 7324 28766262.0
epoch 54 668 512 9032 24867930.0
epoch 55 819 1024 12716 42271004.0
epoch 56 768 1024 12052 52483936.0
epoch 57 710 512 10076 46705428.0
epoch 58 778 1024 12264 68478656.0
epoch 59 477 512 6216 51611200.0
epoch 60 348 256 4268 44330840.0
epoch 61 286 256 3252 33352388.0
epoch 62 567 512 7644 32045436.0
epoch 63 343 256 3964 30034534.0
epoch 64 608 512 8152 25278014.0
epoch 65 841 1024 12920 39360080.0
epoch 66 321 256 3608 30540392.0
epoch 67 654 1024 10544 40458964.0
epoch 68 580 512 7764 32182792.0
epoch 69 328 256 3680 24272156.0
epoch 70 862 1024 13484 31781592.0
epoch 71 461 512 6080 32250650.0
epoch 72 282 256 3232 28460284.0
epoch 73 535 512 7292 23976220.0
epoch 74 731 1024 11684 33196372.0
epoch 75 544 512 7436 31610948.0
epoch 76 536 512 7324 30549576.0
epoch 77 671 512 9676 34305928.0
epoch 78 336 256 3748 26897908.0
epoch 79 1010 1024 16028 46729284.0
epoch 80 467 512 6236 44358248.0
epoch 81 889 1024 13896 56637088.0
epoch 82 428 256 5232 43979720.0
epoch 83 433 512 5804 39900352.0
epoch 84 592 512 8268 40867344.0
epoch 85 305 256 3476 33447958.0
epoch 86 558 512 7500 26213614.0
epoch 87 597 512 8236 29039392.0
epoch 88 787 1024 12380 43448332.0
epoch 89 721 512 10184 42681108.0
epoch 90 575 512 7820 40826056.0
epoch 91 1169 1024 18800 91789168.0
epoch 92 489 512 6620 77758384.0
epoch 93 979 1024 15708 83958784.0
epoch 94 284 256 3244 64554604.0
epoch 95 492 512 6764 54566388.0
epoch 96 319 256 3596 41860296.0
epoch 97 577 512 7708 36033036.0
epoch 98 533 512 7280 41663248.0
epoch 99 230 256 2544 32454084.0
epoch 100 927 1024 14796 42480948.0
epoch 101 440 512 5852 36691976.0
epoch 102 293 256 3312 27980960.0
epoch 103 479 512 6348 23758420.0
epoch 104 171 128 1548 19423320.0
epoch 105 291 256 3292 16036184.0
epoch 106 551 512 7512 19777528.0
epoch 107 1001 1024 15972 38973248.0
epoch 108 536 512 7324 35832176.0
epoch 109 866 1024 13532 45383840.0
epoch 110 300 256 3436 39633264.0
epoch 111 523 512 7124 29353016.0
epoch 112 674 1024 10712 40786140.0
epoch 113 304 256 3468 30159802.0
epoch 114 387 512 5148 24136742.0
epoch 115 480 512 6356 23706580.0
epoch 116 317 256 3576 18423428.0
epoch 117 891 1024 14316 33528860.0
epoch 118 569 512 7776 33320424.0
epoch 119 989 1024 15808 50308052.0
epoch 120 305 256 3472 37082900.0
epoch 121 362 256 4448 32862548.0
epoch 122 623 512 8588 31281894.0
epoch 123 523 512 7180 33171452.0
epoch 124 673 1024 10704 36158808.0
epoch 125 789 1024 12400 44941456.0
epoch 126 405 512 5472 35677472.0
epoch 127 416 512 5580 31106458.0
epoch 128 535 512 7292 27336424.0
epoch 129 421 512 5616 23201500.0
epoch 130 508 512 6908 24133170.0
epoch 131 789 1024 12400 33477016.0
epoch 132 999 1024 15960 58492536.0
epoch 133 281 256 3200 38268784.0
epoch 134 447 512 5912 36115876.0
epoch 135 484 512 6636 30758224.0
epoch 136 548 512 7456 29059656.0
epoch 137 548 512 7456 30102398.0
epoch 138 291 256 3292 23598918.0
epoch 139 539 512 7340 22423004.0
epoch 140 803 1024 12600 37774040.0
epoch 141 359 256 4348 22731716.0
epoch 142 413 256 5056 19848254.0
epoch 143 621 512 9024 20792998.0
epoch 144 442 512 5864 23069774.0
epoch 145 541 512 7360 20298824.0
epoch 146 544 512 7376 18471308.0
epoch 147 540 512 7356 22893568.0
epoch 148 1021 1024 16256 40376920.0
epoch 149 851 1024 13164 50398320.0
epoch 150 305 256 3472 38992620.0
epoch 151 481 512 6608 33313514.0
epoch 152 575 512 7756 29507920.0
epoch 153 607 512 8396 26819348.0
epoch 154 586 512 7976 33138264.0
epoch 155 528 512 7244 29894364.0
epoch 156 403 256 4956 24174456.0
epoch 157 539 512 7340 19909168.0
epoch 158 515 512 7124 25093004.0
epoch 159 515 512 7068 20314240.0
epoch 160 664 1024 10620 31953668.0
epoch 161 556 512 7660 27301556.0
epoch 162 671 512 9676 24712402.0
epoch 163 561 512 7576 26240072.0
epoch 164 537 512 7304 22813724.0
epoch 165 539 512 7340 27292678.0
epoch 166 551 512 7484 24845088.0
epoch 167 834 1024 13204 36850616.0
epoch 168 1040 1024 16468 62573680.0
epoch 169 928 1024 14800 67657232.0
epoch 170 535 512 7292 55232720.0
epoch 171 788 1024 12384 62182556.0
epoch 172 333 256 3888 54154872.0
epoch 173 528 512 7244 45557360.0
epoch 174 1027 1024 16348 54930416.0
epoch 175 589 512 8252 57505216.0
epoch 176 185 128 1728 38345392.0
epoch 177 428 512 5692 30694000.0
epoch 178 550 512 7504 33326352.0
epoch 179 864 1024 13328 37552548.0
epoch 180 887 1024 14284 53869276.0
epoch 181 581 512 7888 46704852.0
epoch 182 887 1024 14256 49340792.0
epoch 183 873 1024 14268 78768512.0
epoch 184 533 512 7300 65105348.0
epoch 185 526 512 7232 54788144.0
epoch 186 545 512 7408 41400200.0
epoch 187 803 1024 12572 47190200.0
epoch 188 552 512 7516 44878600.0
epoch 189 896 1024 14532 61775712.0
epoch 190 801 1024 12504 55354760.0
epoch 191 460 512 6188 48434828.0
epoch 192 555 512 7532 40545556.0
epoch 193 535 512 7316 37579912.0
epoch 194 860 1024 13996 55558624.0
epoch 195 788 1024 12396 62585128.0
epoch 196 1021 1024 16256 62094532.0
epoch 197 522 512 7200 68219712.0
epoch 198 540 512 7344 45157608.0
epoch 199 312 256 3548 40863728.0
epoch 200 799 1024 12492 40170192.0
epoch 201 550 512 7420 31373960.0
epoch 202 1019 1024 16236 50360888.0
epoch 203 642 512 8920 50523864.0
epoch 204 507 512 6892 41092184.0
epoch 205 926 1024 14792 50078728.0
epoch 206 542 512 7368 44211128.0
epoch 207 782 1024 12344 59540720.0
epoch 208 687 1024 10828 45195552.0
epoch 209 1012 1024 16160 64117476.0
epoch 210 531 512 7260 61194912.0
epoch 211 789 1024 12392 54724168.0
epoch 212 820 1024 12720 53182088.0
epoch 213 607 512 8192 48564812.0
epoch 214 525 512 7216 50715932.0
epoch 215 231 128 2300 34376740.0
epoch 216 917 1024 14720 40437832.0
epoch 217 781 1024 12348 62785368.0
epoch 218 433 512 5776 39251448.0
epoch 219 798 1024 12488 47803356.0
epoch 220 432 512 5772 41672408.0
epoch 221 510 512 6920 31766772.0
epoch 222 881 1024 13720 36213668.0
epoch 223 1019 1024 16304 64326312.0
epoch 224 320 256 3772 53638416.0
epoch 225 475 512 6316 34865584.0
epoch 226 534 512 7312 35143944.0
epoch 227 541 512 7360 29108720.0
epoch 228 824 1024 12892 40496648.0
epoch 229 749 1024 11840 40852200.0
epoch 230 484 512 6624 32539800.0
epoch 231 545 512 7384 27974476.0
epoch 232 936 1024 14940 43994340.0
epoch 233 511 512 7092 46181104.0
epoch 234 530 512 7256 37711216.0
epoch 235 1009 1024 16148 46900856.0
epoch 236 940 1024 14964 59483596.0
epoch 237 789 1024 12392 53690384.0
epoch 238 773 1024 12256 72382408.0
epoch 239 927 1024 14844 72796288.0
epoch 240 789 1024 12416 73851120.0
epoch 241 1026 1024 16284 67925200.0
epoch 242 726 1024 11632 86553536.0
epoch 243 527 512 7228 64795776.0
epoch 244 627 512 8620 50380960.0
epoch 245 537 512 7328 49240760.0
epoch 246 983 1024 15516 51089944.0
epoch 247 484 512 6636 55330232.0
epoch 248 1101 1024 17472 65156380.0
epoch 249 927 1024 14796 66206956.0
epoch 250 593 512 8272 72186968.0
epoch 251 671 512 9676 56917036.0
epoch 252 791 1024 12400 51343680.0
epoch 253 297 256 3336 43497996.0
epoch 254 1026 1024 16344 58088976.0
epoch 255 276 256 3164 57731072.0
epoch 256 282 256 3232 44139664.0
epoch 257 800 1024 12496 31182604.0
epoch 258 1044 1024 16524 45676708.0
epoch 259 560 512 7568 41341676.0
epoch 260 442 512 5836 33320400.0
epoch 261 1551 2048 27724 100422096.0
epoch 262 549 512 7440 72513680.0
epoch 263 416 512 5580 75045520.0
epoch 264 504 512 6972 60388212.0
epoch 265 779 1024 12324 58070304.0
epoch 266 544 512 7376 42457712.0
epoch 267 293 256 3312 37736372.0
epoch 268 921 1024 14248 37520952.0
epoch 269 1012 1024 16188 65617872.0
epoch 270 1119 1024 17676 60687508.0
epoch 271 1009 1024 16144 88782368.0
epoch 272 979 1024 15708 100464088.0
epoch 273 526 512 7260 96776936.0
epoch 274 786 1024 12376 80443248.0
epoch 275 461 512 6444 81900088.0
epoch 276 289 256 3280 52366144.0
epoch 277 1440 2048 26124 98998344.0
epoch 278 817 1024 12720 77776368.0
epoch 279 778 1024 12320 86754320.0
epoch 280 1036 1024 16444 80642072.0
epoch 281 550 512 7504 81533712.0
epoch 282 528 512 7244 69749552.0
epoch 283 525 512 7216 60719800.0
epoch 284 1029 1024 16396 66389224.0
epoch 285 980 1024 15464 61659112.0
epoch 286 787 1024 12380 77993952.0
epoch 287 483 512 6620 63967144.0
epoch 288 532 512 7264 49686664.0
epoch 289 538 512 7308 40233848.0
epoch 290 661 1024 10592 49278560.0
epoch 291 915 1024 14188 41773384.0
epoch 292 1069 1024 16776 65994792.0
epoch 293 1037 1024 16448 80242672.0
epoch 294 530 512 7256 89586816.0
epoch 295 986 1024 15756 67902224.0
epoch 296 993 1024 15888 99606480.0
epoch 297 524 512 7212 89756704.0
epoch 298 276 256 3164 75380192.0
epoch 299 1797 2048 32696 115169176.0
epoch 300 1069 1024 16776 105231400.0
epoch 301 1166 1024 19720 171728128.0
epoch 302 1023 1024 16144 114904832.0
epoch 303 1005 1024 16112 163108272.0
epoch 304 537 512 7328 128888488.0
epoch 305 1047 1024 16540 93405480.0
epoch 306 1009 1024 16144 118994480.0
epoch 307 1009 1024 16144 111804264.0
epoch 308 786 1024 12376 118576712.0
epoch 309 300 256 3352 85382408.0
epoch 310 222 256 2480 86385616.0
epoch 311 465 512 6476 75139016.0
epoch 312 543 512 7372 47075240.0
epoch 313 1042 1024 16476 49264856.0
epoch 314 607 512 8396 51856204.0
epoch 315 298 256 3424 55814612.0
epoch 316 1056 1024 16656 42578744.0
epoch 317 509 512 7024 54789128.0
epoch 318 541 512 7360 37887168.0
epoch 319 915 1024 14684 48763592.0
epoch 320 1104 1024 17488 54145856.0
epoch 321 1052 1024 16576 63798856.0
epoch 322 1064 1024 16740 81639176.0
epoch 323 782 1024 12344 123837416.0
epoch 324 791 1024 12440 114977776.0
epoch 325 1079 1024 16988 100835184.0
epoch 326 913 1024 14168 93998624.0
epoch 327 526 512 7232 126908496.0
epoch 328 469 512 6496 96107992.0
epoch 329 1006 1024 16128 89342352.0
epoch 330 1426 2048 25520 166678656.0
epoch 331 441 512 5856 132407960.0
epoch 332 508 512 7020 115524368.0
epoch 333 509 512 7084 105100960.0
epoch 334 1040 1024 16464 67489392.0
epoch 335 996 1024 15916 81109472.0
epoch 336 923 1024 14764 89770528.0
epoch 337 931 1024 14904 102108424.0
epoch 338 531 512 7260 84665720.0
epoch 339 788 1024 12384 69729744.0
epoch 340 1075 1024 16844 62675328.0
epoch 341 532 512 7292 87374520.0
epoch 342 1041 1024 16484 69015240.0
epoch 343 1532 2048 27564 178755712.0
epoch 344 526 512 7220 118118336.0
epoch 345 829 1024 12808 74014424.0
epoch 346 799 1024 12492 102800112.0
epoch 347 1331 2048 23980 120647968.0
epoch 348 1333 2048 23992 136754400.0
epoch 349 436 512 5792 114200896.0
epoch 350 914 1024 14680 116951600.0
epoch 351 864 1024 13272 69393656.0
epoch 352 981 1024 15496 79353680.0
epoch 353 867 1024 13496 105473664.0
epoch 354 903 1024 14540 88272032.0
epoch 355 1353 2048 24364 160201056.0
epoch 356 599 512 8092 98432000.0
epoch 357 531 512 7260 103412368.0
epoch 358 488 512 6656 75438056.0
epoch 359 802 1024 12508 68196256.0
epoch 360 913 1024 14168 71460496.0
epoch 361 619 512 8316 54136480.0
epoch 362 590 512 8008 59953432.0
epoch 363 513 512 6936 48760200.0
epoch 364 288 256 3276 47595028.0
epoch 365 1552 2048 27728 78666864.0
epoch 366 1033 1024 16416 86163360.0
epoch 367 980 1024 15724 92143688.0
epoch 368 1032 1024 16412 100826976.0
epoch 369 947 1024 15048 100391216.0
epoch 370 977 1024 15696 107056240.0
epoch 371 1191 1024 19408 156126672.0
epoch 372 511 512 7036 106547688.0
epoch 373 921 1024 14752 103541488.0
epoch 374 533 512 7280 92952800.0
epoch 375 1334 2048 24024 137938560.0
epoch 376 1357 2048 24384 179071296.0
epoch 377 921 1024 14752 163311328.0
epoch 378 790 1024 12396 126901672.0
epoch 379 1163 1024 18732 135823936.0
epoch 380 539 512 7340 112849744.0
epoch 381 1051 1024 16572 95084624.0
epoch 382 522 512 7172 99846584.0
epoch 383 512 512 6928 77235472.0
epoch 384 993 1024 15832 82852240.0
epoch 385 1062 1024 16728 84897328.0
epoch 386 473 512 6304 91624576.0
epoch 387 1443 2048 25632 107489848.0
epoch 388 977 1024 15696 146909920.0
epoch 389 916 1024 14688 127175880.0
epoch 390 546 512 7388 96526160.0
epoch 391 1517 2048 27376 168450368.0
epoch 392 1042 1024 16504 127369776.0
epoch 393 528 512 7244 148721792.0
epoch 394 1932 2048 35132 206025632.0
epoch 395 1026 1024 16344 194408592.0
epoch 396 1586 2048 28188 230533344.0
epoch 397 1928 2048 35100 358254464.0
epoch 398 1334 2048 24144 406510688.0
epoch 399 1041 1024 16472 247096112.0
epoch 400 1688 2048 31132 424080352.0
epoch 401 1012 1024 16164 370791968.0
epoch 402 1561 2048 27872 386237696.0
epoch 403 777 1024 12316 420118528.0
epoch 404 1431 2048 25980 359512096.0
epoch 405 531 512 7260 314462592.0
epoch 406 778 1024 12320 285208768.0
epoch 407 353 256 4056 206595904.0
epoch 408 1039 1024 16460 161556720.0
epoch 409 455 512 6384 224466144.0
epoch 410 281 256 3200 161371440.0
epoch 411 1013 1024 16176 113387504.0
epoch 412 547 512 7452 114843432.0
epoch 413 540 512 7344 102253232.0
epoch 414 305 256 3472 96021032.0
epoch 415 1039 1024 16460 80700784.0
epoch 416 1024 1024 16332 105474912.0
epoch 417 1024 1024 16332 110787056.0
epoch 418 1022 1024 16252 103502624.0
epoch 419 1428 2048 25952 221966336.0
epoch 420 1071 1024 16908 167902528.0
epoch 421 1550 2048 27720 240757584.0
epoch 422 550 512 7504 214475232.0
epoch 423 1551 2048 27724 237732672.0
epoch 424 654 512 9528 239983296.0
epoch 425 1041 1024 16472 183902528.0
epoch 426 540 512 7344 161185504.0
epoch 427 1030 1024 16400 161138000.0
epoch 428 1035 1024 16412 135976480.0
epoch 429 1500 2048 27116 248751696.0
epoch 430 1067 1024 16708 154547264.0
epoch 431 1030 1024 16400 220639008.0
epoch 432 827 1024 12968 228721248.0
epoch 433 606 512 8140 149487520.0
epoch 434 524 512 7212 168760384.0
epoch 435 1051 1024 16560 113705912.0
epoch 436 1560 2048 27868 188226368.0
epoch 437 979 1024 15708 219636576.0
epoch 438 428 512 5860 234891392.0
epoch 439 1405 2048 25264 177477440.0
epoch 440 914 1024 14680 178436256.0
epoch 441 547 512 7576 179035024.0
epoch 442 944 1024 14996 110530272.0
epoch 443 1039 1024 16460 121446616.0
epoch 444 1023 1024 16268 132177504.0
epoch 445 1048 1024 16548 134594368.0
epoch 446 1029 1024 16384 144698912.0
epoch 447 1550 2048 27716 186917472.0
epoch 448 685 512 9352 146018528.0
epoch 449 1007 1024 16124 158708416.0
epoch 450 1423 1024 23884 202008928.0
epoch 451 1024 1024 16272 187822384.0
epoch 452 1033 1024 16416 180423136.0
epoch 453 571 512 7676 147932496.0
epoch 454 980 1024 15712 133604624.0
epoch 455 797 1024 12480 129618848.0
epoch 456 923 1024 14764 155754992.0
epoch 457 1078 1024 16984 106246496.0
epoch 458 1056 1024 16600 126398528.0
epoch 459 532 512 7268 129740552.0
epoch 460 552 512 7432 88927592.0
epoch 461 893 1024 14508 134901744.0
epoch 462 1248 1024 20108 96841184.0
epoch 463 1544 2048 27676 175226816.0
epoch 464 1029 1024 16388 159506080.0
epoch 465 658 1024 10576 215600128.0
epoch 466 490 512 6752 164102080.0
epoch 467 881 1024 14348 151261920.0
epoch 468 264 256 3004 148387056.0
epoch 469 1540 2048 27620 119763712.0
epoch 470 1307 2048 23724 194435104.0
epoch 471 1063 1024 16844 142481248.0
epoch 472 732 1024 11664 199071072.0
epoch 473 535 512 7292 154620192.0
epoch 474 1480 2048 26472 140114624.0
epoch 475 1786 2048 32588 283864576.0
epoch 476 1328 2048 23952 305517504.0
epoch 477 531 512 7260 250887456.0
epoch 478 790 1024 12396 184291264.0
epoch 479 309 256 3868 242450080.0
epoch 480 398 512 5424 157067616.0
epoch 481 930 1024 14812 94472768.0
epoch 482 510 512 7040 129667592.0
epoch 483 871 1024 14076 99895208.0
epoch 484 1332 2048 24096 137036848.0
epoch 485 572 512 7804 109519792.0
epoch 486 1070 1024 16904 120657712.0
epoch 487 535 512 7292 103475568.0
epoch 488 997 1024 15672 68674544.0
epoch 489 1091 1024 17148 98547968.0
epoch 490 785 1024 12368 117696528.0
epoch 491 1053 1024 16584 76737248.0
epoch 492 555 512 7532 80855984.0
epoch 493 1356 2048 24372 124237808.0
epoch 494 1014 1024 16172 172895888.0
epoch 495 1283 2048 23512 221523152.0
epoch 496 1025 1024 16364 192299648.0
epoch 497 1039 1024 16460 171468192.0
epoch 498 1028 1024 16380 148653520.0
epoch 499 1036 1024 16432 142039200.0
epoch 500 538 512 7336 136326944.0
epoch 501 1295 2048 23624 225308112.0
epoch 502 785 1024 12368 133823720.0
epoch 503 789 1024 12400 136174992.0
epoch 504 1045 1024 16504 96879536.0
epoch 505 1039 1024 16460 116955648.0
epoch 506 1053 1024 16640 136094736.0
epoch 507 1026 1024 16368 157539296.0
epoch 508 566 512 7612 117238240.0
epoch 509 755 1024 11692 109100800.0
epoch 510 912 1024 14668 128209736.0
epoch 511 551 512 7512 105545200.0
epoch 512 1036 1024 16444 104984304.0
epoch 513 522 512 7200 109831872.0
epoch 514 2053 2048 36880 96836256.0
epoch 515 1044 1024 16580 151391456.0
epoch 516 2007 2048 35880 235585344.0
epoch 517 787 1024 12380 306563360.0
epoch 518 1037 1024 16448 245385504.0
epoch 519 977 1024 15696 259793808.0
epoch 520 930 1024 14824 228008256.0
epoch 521 425 256 5132 150251616.0
epoch 522 1804 2048 32828 210348448.0
epoch 523 904 1024 14108 191961280.0
epoch 524 590 512 8256 203026080.0
epoch 525 796 1024 12476 169706976.0
epoch 526 1514 2048 27360 239871264.0
epoch 527 1039 1024 16460 187904448.0
epoch 528 1052 1024 16604 192594944.0
epoch 529 531 512 7260 161011584.0
epoch 530 547 512 7404 137643104.0
epoch 531 484 512 6684 139408128.0
epoch 532 290 256 3312 108123392.0
epoch 533 1054 1024 16588 64348872.0
epoch 534 2107 2048 37564 118297992.0
epoch 535 531 512 7260 199580896.0
epoch 536 1031 1024 16408 149001280.0
epoch 537 257 256 3004 183255744.0
epoch 538 799 1024 12492 120453544.0
epoch 539 278 256 3184 125733408.0
epoch 540 532 512 7264 81196168.0
epoch 541 936 1024 14940 76692368.0
epoch 542 1223 1024 19484 90604352.0
epoch 543 525 512 7216 110080272.0
epoch 544 1550 2048 27720 155212080.0
epoch 545 1802 2048 32696 231661840.0
epoch 546 589 512 8240 254358816.0
epoch 547 1490 2048 26992 297219424.0
epoch 548 1049 1024 16564 222533632.0
epoch 549 1050 1024 16568 197925872.0
epoch 550 1032 1024 16412 236068144.0
epoch 551 532 512 7304 245050592.0
epoch 552 1035 1024 16428 179284960.0
epoch 553 1808 2048 32848 230979456.0
epoch 554 977 1024 15708 330457536.0
epoch 555 1491 2048 26972 326728640.0
epoch 556 418 512 5592 363105888.0
epoch 557 528 512 7244 256251664.0
epoch 558 981 1024 15504 167978672.0
epoch 559 553 512 7472 170066432.0
epoch 560 1770 2048 32332 247065728.0
epoch 561 1586 2048 28104 276522368.0
epoch 562 1548 2048 27708 439100928.0
epoch 563 915 1024 14684 429880928.0
epoch 564 1444 2048 26156 422738176.0
epoch 565 1049 1024 16560 315480448.0
epoch 566 776 1024 12284 370671776.0
epoch 567 537 512 7304 261565216.0
epoch 568 1567 2048 27916 245196512.0
epoch 569 543 512 7372 275261824.0
epoch 570 1033 1024 16416 201165184.0
epoch 571 1035 1024 16428 215989936.0
epoch 572 1770 2048 32456 314367904.0
epoch 573 1043 1024 16508 268031056.0
epoch 574 1041 1024 16480 231058192.0
epoch 575 915 1024 14684 289348384.0
epoch 576 546 512 7388 208203072.0
epoch 577 685 1024 10816 187528864.0
epoch 578 1024 1024 16332 153345744.0
epoch 579 788 1024 12388 187473488.0
epoch 580 1681 2048 31056 285221504.0
epoch 581 862 1024 14016 322649408.0
epoch 582 1039 1024 16460 201105248.0
epoch 583 781 1024 12336 247434336.0
epoch 584 1499 2048 27052 256296368.0
epoch 585 1066 1024 16872 217557472.0
epoch 586 480 512 6604 289653536.0
epoch 587 549 512 7416 175289472.0
epoch 588 1039 1024 16460 128598928.0
epoch 589 896 1024 14476 194145120.0
epoch 590 1547 2048 27692 218350768.0
epoch 591 900 1024 14556 269394592.0
epoch 592 347 256 4012 191364720.0
epoch 593 457 512 6172 191032832.0
epoch 594 559 512 7564 114673248.0
epoch 595 651 512 9004 111565712.0
epoch 596 997 1024 16032 116090304.0
epoch 597 1007 1024 16136 153792720.0
epoch 598 532 512 7264 129734976.0
epoch 599 538 512 7336 105694288.0
epoch 600 1050 1024 16556 79760240.0
epoch 601 1544 2048 27676 179328000.0
epoch 602 736 1024 11724 218527360.0
epoch 603 1587 2048 28288 213499648.0
epoch 604 1545 2048 27680 280767648.0
epoch 605 763 1024 12192 395748800.0
epoch 606 792 1024 12444 270976576.0
epoch 607 1554 2048 27740 223275344.0
epoch 608 971 1024 15404 230604672.0
epoch 609 545 512 7384 194312832.0
epoch 610 910 1024 14148 152458544.0
epoch 611 787 1024 12380 158872256.0
epoch 612 1042 1024 16476 117953504.0
epoch 613 1590 2048 28124 177029024.0
epoch 614 1033 1024 16428 219756928.0
epoch 615 785 1024 12368 217426768.0
epoch 616 1005 1024 16112 162894720.0
epoch 617 1035 1024 16428 159987616.0
epoch 618 780 1024 12272 129954040.0
epoch 619 562 512 7580 159636640.0
epoch 620 830 1024 13232 152457600.0
epoch 621 1010 1024 16152 146326624.0
epoch 622 536 512 7324 115977848.0
epoch 623 1033 1024 16416 90519312.0
epoch 624 524 512 7212 126482400.0
epoch 625 788 1024 12384 93180400.0
epoch 626 1365 2048 24688 118774152.0
epoch 627 1068 1024 16892 113449480.0
epoch 628 985 1024 15776 177189632.0
epoch 629 1033 1024 16356 102937376.0
epoch 630 1413 2048 25776 200898048.0
epoch 631 917 1024 14224 166755328.0
epoch 632 503 512 6844 210754592.0
epoch 633 498 512 6928 178170432.0
epoch 634 1002 1024 15948 86200384.0
epoch 635 1426 2048 25944 191579296.0
epoch 636 1117 1024 19120 201101664.0
epoch 637 559 512 7564 159451408.0
epoch 638 422 512 5624 179674528.0
epoch 639 574 512 7692 88231952.0
epoch 640 790 1024 12396 94428144.0
epoch 641 1039 1024 16488 110659232.0
epoch 642 534 512 7276 92283056.0
epoch 643 966 1024 15592 106019280.0
epoch 644 1038 1024 16456 97294112.0
epoch 645 1036 1024 16444 118942528.0
epoch 646 908 1024 14636 151851968.0
epoch 647 1525 2048 27456 222112304.0
epoch 648 536 512 7324 224179488.0
epoch 649 805 1024 12536 137269824.0
epoch 650 1047 1024 16540 108188240.0
epoch 651 1063 1024 16732 138009824.0
epoch 652 854 1024 13208 145176592.0
epoch 653 1161 1024 18720 142604432.0
epoch 654 782 1024 12352 168589376.0
epoch 655 2076 2048 37064 124656824.0
epoch 656 787 1024 12380 263905056.0
epoch 657 1533 2048 27568 240845920.0
epoch 658 985 1024 15752 251223776.0
epoch 659 1075 1024 16844 182090848.0
epoch 660 1063 1024 16732 175620896.0
epoch 661 725 1024 11616 289361024.0
epoch 662 1521 2048 27408 227524320.0
epoch 663 1547 2048 27692 260249664.0
epoch 664 270 256 3120 328926368.0
epoch 665 500 512 6940 235727760.0
epoch 666 658 1024 10576 219460832.0
epoch 667 1024 1024 16332 138706912.0
epoch 668 530 512 7256 151056816.0
epoch 669 915 1024 14684 109936008.0
epoch 670 1030 1024 16392 114835448.0
epoch 671 785 1024 12368 138675424.0
epoch 672 1113 1024 17336 69136912.0
epoch 673 1979 2048 35080 160812608.0
epoch 674 1551 2048 27724 304275392.0
epoch 675 1083 1024 17012 235969152.0
epoch 676 526 512 7232 319125184.0
epoch 677 903 1024 14596 292414080.0
epoch 678 534 512 7288 223134480.0
epoch 679 750 1024 12016 221816000.0
epoch 680 285 256 3248 188961824.0
epoch 681 1949 2048 35272 153344000.0
epoch 682 1044 1024 16524 168987856.0
epoch 683 285 256 3224 206401888.0
epoch 684 1951 2048 35280 127809088.0
epoch 685 849 1024 13144 186955152.0
epoch 686 591 512 8012 160051936.0
epoch 687 1046 1024 16508 120752032.0
epoch 688 291 256 3292 148628000.0
epoch 689 511 512 6924 121631072.0
epoch 690 806 1024 12540 69826664.0
epoch 691 801 1024 12504 90339904.0
epoch 692 1554 2048 27740 118062896.0
epoch 693 554 512 7648 127754176.0
epoch 694 529 512 7252 113299312.0
epoch 695 1503 2048 27084 118753264.0
epoch 696 537 512 7328 105228496.0
epoch 697 1934 2048 35144 182807872.0
epoch 698 1740 2048 32044 290434496.0
epoch 699 555 512 7484 232338480.0
epoch 700 1597 2048 28352 221308656.0
epoch 701 1581 2048 28040 240315072.0
epoch 702 785 1024 12372 395703872.0
epoch 703 1029 1024 16384 242276208.0
epoch 704 1023 1024 16316 286900640.0
epoch 705 806 1024 12564 263555424.0
epoch 706 1016 1024 16220 218028688.0
epoch 707 544 512 7424 196321872.0
epoch 708 1439 2048 25556 217563056.0
epoch 709 1902 2048 34312 246179808.0
epoch 710 860 1024 13248 244768448.0
epoch 711 1784 2048 32576 361953984.0
epoch 712 581 512 7948 345265856.0
epoch 713 531 512 7260 286382272.0
epoch 714 1037 1024 16448 186532352.0
epoch 715 1108 1024 17536 162946592.0
epoch 716 500 512 6940 272065472.0
epoch 717 1034 1024 16432 140887200.0
epoch 718 800 1024 12496 145290688.0
epoch 719 521 512 7196 205792768.0
epoch 720 1547 2048 27692 171668496.0
epoch 721 1026 1024 16344 184204096.0
epoch 722 546 512 7388 179017888.0
epoch 723 785 1024 12368 163119040.0
epoch 724 1044 1024 16524 107563208.0
epoch 725 1443 2048 26108 216762800.0
epoch 726 1432 2048 26016 262074544.0
epoch 727 1066 1024 16844 183973248.0
epoch 728 525 512 7216 210677952.0
epoch 729 1433 2048 25992 194842048.0
epoch 730 543 512 7372 162114400.0
epoch 731 1568 2048 27920 147557024.0
epoch 732 1029 1024 16396 229400160.0
epoch 733 827 1024 12796 202731648.0
epoch 734 1555 2048 27748 262601952.0
epoch 735 2051 2048 36832 252133360.0
epoch 736 1674 2048 31008 563859840.0
epoch 737 1032 1024 16412 424298656.0
epoch 738 824 1024 12768 331211840.0
epoch 739 1005 1024 16124 368982656.0
epoch 740 901 1024 14588 347670592.0
epoch 741 1135 1024 17932 208957984.0
epoch 742 977 1024 15700 299054848.0
epoch 743 531 512 7260 289840640.0
epoch 744 1439 2048 26060 294430208.0
epoch 745 977 1024 15696 281506368.0
epoch 746 800 1024 12500 269399104.0
epoch 747 542 512 7356 218194688.0
epoch 748 292 256 3296 212172192.0
epoch 749 282 256 3232 176210432.0
epoch 750 1581 2048 28040 99014296.0
epoch 751 1518 2048 27392 248014144.0
epoch 752 913 1024 14672 282539456.0
epoch 753 1015 1024 16092 155096992.0
epoch 754 1045 1024 16528 170114896.0
epoch 755 1037 1024 16448 187346976.0
epoch 756 1326 2048 23944 258730976.0
epoch 757 594 512 7980 187598272.0
epoch 758 797 1024 12456 153519424.0
epoch 759 1100 1024 17220 134707536.0
epoch 760 979 1024 15708 205679936.0
epoch 761 676 1024 10732 231991664.0
epoch 762 1066 1024 16748 147681648.0
epoch 763 2085 2048 37328 154969568.0
epoch 764 1035 1024 16428 297585472.0
epoch 765 274 256 3152 374900960.0
epoch 766 1296 2048 23628 269176704.0
epoch 767 1052 1024 16624 158561792.0
epoch 768 1492 2048 26988 377535232.0
epoch 769 539 512 7340 302309696.0
epoch 770 1042 1024 16476 235782432.0
epoch 771 532 512 7264 222579264.0
epoch 772 555 512 7484 164849376.0
epoch 773 1098 1024 17196 136901696.0
epoch 774 827 1024 12796 152043392.0
epoch 775 1543 1024 25600 117912344.0
epoch 776 1047 1024 16540 201299376.0
epoch 777 555 512 7532 186632560.0
epoch 778 2216 2048 39480 223550576.0
epoch 779 1167 1024 19784 397731520.0
epoch 780 486 512 6720 353380608.0
epoch 781 981 1024 15720 258190240.0
epoch 782 772 1024 12252 257912096.0
epoch 783 987 1024 15844 177879952.0
epoch 784 815 1024 12684 180050592.0
epoch 785 937 1024 14944 183733776.0
epoch 786 1029 1024 16384 158078816.0
epoch 787 1552 2048 27740 219471776.0
epoch 788 1562 2048 27832 285864704.0
epoch 789 1312 2048 23772 376115360.0
epoch 790 787 1024 12380 399636544.0
epoch 791 1004 1024 15984 287589312.0
epoch 792 760 1024 12092 345226432.0
epoch 793 984 1024 15772 251949088.0
epoch 794 420 512 5604 273611008.0
epoch 795 530 512 7256 189178400.0
epoch 796 1038 1024 16456 152106960.0
epoch 797 291 256 3292 174124128.0
epoch 798 1070 1024 16904 83927368.0
epoch 799 916 1024 14688 131404928.0
epoch 800 528 512 7232 127841288.0
epoch 801 536 512 7324 113342288.0
epoch 802 1774 2048 32504 216441984.0
epoch 803 910 1024 14648 203480640.0
epoch 804 1022 1024 16252 170250336.0
epoch 805 541 512 7360 205499104.0
epoch 806 270 256 3120 192622592.0
epoch 807 291 256 3292 141994304.0
epoch 808 920 1024 14720 117497152.0
epoch 809 1049 1024 16552 79049968.0
epoch 810 1187 1024 18928 53497552.0
epoch 811 979 1024 15708 160759200.0
epoch 812 1987 2048 35820 146243968.0
epoch 813 1579 2048 28140 299294688.0
epoch 814 1998 2048 36168 361190720.0
epoch 815 537 512 7328 504257600.0
epoch 816 791 1024 12412 375157568.0
epoch 817 658 1024 10576 414938816.0
epoch 818 1062 1024 17088 265213600.0
epoch 819 730 1024 11656 309107904.0
epoch 820 1548 2048 27696 234154336.0
epoch 821 289 256 3280 336467872.0
epoch 822 1108 1024 17548 152907264.0
epoch 823 995 1024 15900 203842528.0
epoch 824 510 512 7088 215418400.0
epoch 825 1008 1024 16140 127977504.0
epoch 826 982 1024 15724 148550080.0
epoch 827 824 1024 12744 172913536.0
epoch 828 604 512 8120 116029584.0
epoch 829 1503 2048 27084 216712720.0
epoch 830 1800 2048 32796 244026112.0
epoch 831 1059 1024 16796 251208080.0
epoch 832 2003 2048 36232 284770976.0
epoch 833 1551 2048 27724 426102464.0
epoch 834 2030 2048 36588 435905216.0
epoch 835 1303 2048 23704 742407552.0
epoch 836 1040 1024 16464 476320416.0
epoch 837 784 1024 12364 549517568.0
epoch 838 787 1024 12380 414080992.0
epoch 839 561 512 7600 342200352.0
epoch 840 1801 2048 32800 357300768.0
epoch 841 434 512 5784 410737696.0
epoch 842 2862 4096 57740 639314048.0
epoch 843 789 1024 12400 602541184.0
epoch 844 796 1024 12476 510885056.0
epoch 845 1038 1024 16456 388149696.0
epoch 846 1520 2048 27404 472855296.0
epoch 847 549 512 7416 403536512.0
epoch 848 1082 1024 17064 254657440.0
epoch 849 1876 2048 34404 498174912.0
epoch 850 982 1024 15736 458010560.0
epoch 851 990 1024 15860 412753792.0
epoch 852 1039 1024 16460 346779648.0
epoch 853 561 512 7576 327284544.0
epoch 854 557 512 7552 294879200.0
epoch 855 954 1024 15264 218595472.0
epoch 856 852 1024 13196 215850080.0
epoch 857 1560 2048 27868 221649312.0
epoch 858 1869 2048 34352 448170336.0
epoch 859 1048 1024 16520 279751200.0
epoch 860 1063 1024 16732 201515328.0
epoch 861 1044 1024 16512 215322336.0
epoch 862 1053 1024 16584 211305472.0
epoch 863 841 1024 13088 198909904.0
epoch 864 1634 2048 30424 411601280.0
epoch 865 1041 1024 16496 247971248.0
epoch 866 921 1024 14752 266048896.0
epoch 867 936 1024 14856 185202304.0
epoch 868 1079 1024 16868 149549088.0
epoch 869 1022 1024 16236 160419648.0
epoch 870 1742 2048 32064 260584576.0
epoch 871 941 1024 14968 223337712.0
epoch 872 1033 1024 16416 224279472.0
epoch 873 918 1024 14736 246150144.0
epoch 874 544 512 7376 181869264.0
epoch 875 2453 4096 50572 563080960.0
epoch 876 1050 1024 16556 327784000.0
epoch 877 928 1024 14800 364771392.0
epoch 878 1566 2048 27852 338821536.0
epoch 879 1325 2048 23936 520608576.0
epoch 880 2041 2048 36768 430182144.0
epoch 881 536 512 7324 672672064.0
epoch 882 2056 2048 36896 436359744.0
epoch 883 1035 1024 16428 637922240.0
epoch 884 539 512 7340 561564480.0
epoch 885 1032 1024 16352 331468640.0
epoch 886 2057 2048 36904 455139392.0
epoch 887 1038 1024 16444 507369024.0
epoch 888 297 256 3336 545281408.0
epoch 889 1043 1024 16520 322549952.0
epoch 890 1409 2048 25744 498842304.0
epoch 891 1053 1024 16584 336942144.0
epoch 892 896 1024 14524 457416256.0
epoch 893 2029 2048 36236 245517440.0
epoch 894 1474 2048 26832 822888448.0
epoch 895 978 1024 15700 566730560.0
epoch 896 959 1024 15496 654284608.0
epoch 897 778 1024 12296 532523776.0
epoch 898 1035 1024 16428 379693504.0
epoch 899 528 512 7244 458285088.0
epoch 900 1545 2048 27656 333831936.0
epoch 901 552 512 7516 394758656.0
epoch 902 1296 2048 23628 394344480.0
epoch 903 974 1024 15672 337435008.0
epoch 904 1672 2048 29980 450236096.0
epoch 905 1041 1024 16472 335268000.0
epoch 906 1937 2048 35160 451364512.0
epoch 907 1905 2048 34832 672354752.0
epoch 908 675 1024 10716 709143808.0
epoch 909 522 512 7200 626949632.0
epoch 910 914 1024 14680 388087808.0
epoch 911 1063 1024 16732 358637504.0
epoch 912 1818 2048 32940 318941216.0
epoch 913 1927 2048 35096 571744384.0
epoch 914 792 1024 12416 539795840.0
epoch 915 1060 1024 16632 334219264.0
epoch 916 1544 2048 27676 493225792.0
epoch 917 597 512 8080 459377152.0
epoch 918 1685 2048 31080 543141120.0
epoch 919 919 1024 14716 537468032.0
epoch 920 1524 2048 27424 488852288.0
epoch 921 1042 1024 16504 377752320.0
epoch 922 541 512 7352 411686592.0
epoch 923 1047 1024 16540 318053920.0
epoch 924 921 1024 14752 321303424.0
epoch 925 1012 1024 16160 247887072.0
epoch 926 1193 1024 18552 257211904.0
epoch 927 1800 2048 32772 412601472.0
epoch 928 1260 1024 21104 381313248.0
epoch 929 799 1024 12492 390821088.0
epoch 930 964 1024 15340 330947520.0
epoch 931 562 512 7728 353691392.0
epoch 932 790 1024 12396 280774912.0
epoch 933 1035 1024 16428 207324000.0
epoch 934 917 1024 14704 267729312.0
epoch 935 1585 2048 28184 241733520.0
epoch 936 1038 1024 16456 248411264.0
epoch 937 1557 2048 27768 266902000.0
epoch 938 1084 1024 16904 220426560.0
epoch 939 780 1024 12332 296307552.0
epoch 940 1942 2048 35196 306388800.0
epoch 941 921 1024 14728 347059616.0
epoch 942 1548 2048 27696 338927328.0
epoch 943 1047 1024 16512 270130912.0
epoch 944 541 512 7360 314894432.0
epoch 945 1035 1024 16428 258183648.0
epoch 946 1595 2048 28284 260523296.0
epoch 947 488 512 6656 284090432.0
epoch 948 1739 2048 32040 314862304.0
epoch 949 1042 1024 16476 250516800.0
epoch 950 944 1024 15356 346190208.0
epoch 951 977 1024 15696 282893568.0
epoch 952 1051 1024 16740 225376816.0
epoch 953 1999 2048 36172 229906944.0
epoch 954 1539 2048 27640 467246720.0
epoch 955 1033 1024 16420 441656416.0
epoch 956 1014 1024 16180 300789760.0
epoch 957 1076 1024 17196 400520704.0
epoch 958 530 512 7256 384105472.0
epoch 959 976 1024 15692 318728064.0
epoch 960 1042 1024 16476 222077920.0
epoch 961 795 1024 12460 231902144.0
epoch 962 404 512 5468 284468032.0
epoch 963 1087 1024 17292 126691040.0
epoch 964 1921 2048 35024 186814368.0
epoch 965 1034 1024 16424 210109392.0
epoch 966 1026 1024 16284 173641456.0
epoch 967 2069 2048 37016 253116192.0
epoch 968 1000 1024 15964 400183424.0
epoch 969 863 1024 14012 357678720.0
epoch 970 970 1024 14724 234770608.0
epoch 971 1685 2048 30100 260219232.0
epoch 972 541 512 7360 239140640.0
epoch 973 1040 1024 16464 172040640.0
epoch 974 1769 2048 32280 267457376.0
epoch 975 2097 2048 37320 345950336.0
epoch 976 968 1024 15628 453237632.0
epoch 977 921 1024 14752 412247936.0
epoch 978 1053 1024 16640 293654752.0
epoch 979 568 512 7648 296871200.0
epoch 980 1621 2048 28568 270349344.0
epoch 981 2188 2048 38728 243750416.0
epoch 982 1051 1024 16536 287597760.0
epoch 983 974 1024 15672 484159296.0
epoch 984 908 1024 14636 438436160.0
epoch 985 1803 2048 32764 426500096.0
epoch 986 2031 2048 36620 420544832.0
epoch 987 1040 1024 16464 469048512.0
epoch 988 1030 1024 16316 374391968.0
epoch 989 1047 1024 16540 345604864.0
epoch 990 1660 2048 30800 440290176.0
epoch 991 531 512 7260 457007904.0
epoch 992 1397 2048 25632 529194720.0
epoch 993 526 512 7224 471010592.0
epoch 994 1031 1024 16380 266416640.0
epoch 995 975 1024 15436 221048544.0
epoch 996 1801 2048 32744 330972608.0
epoch 997 2055 2048 36892 407518400.0
epoch 998 529 512 7248 683351552.0
epoch 999 559 512 7564 448412864.0
epoch 1000 1672 2048 29448 297507584.0
epoch 1001 2039 2048 36700 310006592.0
epoch 1002 1008 1024 16140 401893888.0
epoch 1003 1060 1024 16800 397371648.0
epoch 1004 1031 1024 16396 320965536.0
epoch 1005 1802 2048 32808 389014208.0
epoch 1006 295 256 3324 425184256.0
epoch 1007 1084 1024 16904 220893408.0
epoch 1008 989 1024 15784 248499344.0
epoch 1009 2014 2048 36312 307389120.0
epoch 1010 884 1024 14364 585993856.0
epoch 1011 1538 2048 27548 371538048.0
epoch 1012 997 1024 15888 384254464.0
epoch 1013 661 1024 10620 484602688.0
epoch 1014 1586 2048 28104 385710848.0
epoch 1015 1082 1024 16892 276155168.0
epoch 1016 529 512 7248 320600896.0
epoch 1017 656 512 9548 271918720.0
epoch 1018 1046 1024 16536 192178720.0
epoch 1019 974 1024 15420 187487744.0
epoch 1020 1006 1024 15996 162793696.0
epoch 1021 799 1024 12492 178876448.0
epoch 1022 1287 2048 23532 248003040.0
epoch 1023 1956 2048 35320 239804240.0
epoch 1024 787 1024 12380 302293568.0
epoch 1025 1775 2048 32508 232799648.0
epoch 1026 913 1024 14672 331952000.0
epoch 1027 1536 2048 27596 317435200.0
epoch 1028 1045 1024 16504 276380672.0
epoch 1029 2041 2048 36712 203236384.0
epoch 1030 985 1024 15776 492911104.0
epoch 1031 282 256 3232 520681760.0
epoch 1032 1480 2048 26816 277939008.0
epoch 1033 1295 1024 21580 270211552.0
epoch 1034 910 1024 14648 271354240.0
epoch 1035 305 256 3416 268149280.0
epoch 1036 732 1024 11692 225226336.0
epoch 1037 1164 1024 18240 84124240.0
epoch 1038 1438 2048 26056 282550560.0
epoch 1039 492 512 6884 332711616.0
epoch 1040 2579 4096 52320 349509888.0
epoch 1041 1266 1024 20084 322312000.0
epoch 1042 997 1024 16032 336448640.0
epoch 1043 1363 2048 24416 287430336.0
epoch 1044 1032 1024 16412 297561792.0
epoch 1045 543 512 7372 333508448.0
epoch 1046 1993 2048 36128 152776640.0
epoch 1047 1798 2048 32704 236323952.0
epoch 1048 535 512 7280 250562720.0
epoch 1049 1005 1024 16112 201785696.0
epoch 1050 1556 2048 27788 292133248.0
epoch 1051 1082 1024 17016 231242528.0
epoch 1052 903 1024 14524 267725344.0
epoch 1053 1695 2048 29740 151493344.0
epoch 1054 2226 2048 39244 109952664.0
epoch 1055 1894 2048 34136 513773696.0
epoch 1056 1035 1024 16428 523547040.0
epoch 1057 3036 4096 60912 817080064.0
epoch 1058 1036 1024 16444 829003200.0
epoch 1059 1882 2048 33724 588192960.0
epoch 1060 2059 2048 36924 613423488.0
epoch 1061 396 512 5388 1295512576.0
epoch 1062 931 1024 14876 643665792.0
epoch 1063 808 1024 12636 604851904.0
epoch 1064 1487 2048 26952 681262336.0
epoch 1065 508 512 7020 636882688.0
epoch 1066 1800 2048 32796 569171328.0
epoch 1067 1105 1024 17520 469642112.0
epoch 1068 941 1024 14920 469914816.0
epoch 1069 1003 1024 15980 405258432.0
epoch 1070 1887 2048 33752 402803520.0
epoch 1071 1541 2048 27632 553457792.0
epoch 1072 1046 1024 16508 415266240.0
epoch 1073 2963 4096 59744 974893696.0
epoch 1074 1021 1024 16248 879869376.0
epoch 1075 1017 1024 16224 732347392.0
epoch 1076 919 1024 14716 748742656.0
epoch 1077 789 1024 12392 647515200.0
epoch 1078 1536 2048 27536 542077952.0
epoch 1079 525 512 7216 625501312.0
epoch 1080 802 1024 12508 453638880.0
epoch 1081 1314 2048 23772 397470592.0
epoch 1082 2009 2048 36264 468055872.0
epoch 1083 784 1024 12352 544845824.0
epoch 1084 981 1024 15716 412338144.0
epoch 1085 853 1024 13424 418346048.0
epoch 1086 662 1024 10596 461138624.0
epoch 1087 523 512 7204 296775328.0
epoch 1088 1957 2048 35352 228737904.0
epoch 1089 1037 1024 16448 256054912.0
epoch 1090 1940 2048 34680 310487360.0
epoch 1091 924 1024 14768 384310560.0
epoch 1092 1378 2048 25304 510873696.0
epoch 1093 1553 2048 27736 401685056.0
epoch 1094 2533 4096 51704 1033981056.0
epoch 1095 977 1024 15696 733470272.0
epoch 1096 1057 1024 16616 568699008.0
epoch 1097 1929 2048 35104 671337920.0
epoch 1098 1022 1024 16264 623327232.0
epoch 1099 1030 1024 16316 440553888.0
epoch 1100 937 1024 14920 541671040.0
epoch 1101 2055 2048 36892 399328000.0
epoch 1102 1008 1024 16044 695081984.0
epoch 1103 1041 1024 16472 453284480.0
epoch 1104 1705 2048 31244 546155072.0
epoch 1105 1821 2048 32956 467463040.0
epoch 1106 1058 1024 16820 714525952.0
epoch 1107 790 1024 12396 570625152.0
epoch 1108 1040 1024 16476 422963904.0
epoch 1109 1978 2048 35916 390328992.0
epoch 1110 1043 1024 16480 420120320.0
epoch 1111 1800 2048 32796 564137472.0
epoch 1112 1039 1024 16460 427750144.0
epoch 1113 1819 2048 33004 544559552.0
epoch 1114 2448 4096 50508 1508024832.0
epoch 1115 1001 1024 15944 726327872.0
epoch 1116 1028 1024 16352 516883968.0
epoch 1117 1506 2048 27100 631457920.0
epoch 1118 1049 1024 16552 508772224.0
epoch 1119 1810 2048 32860 398124416.0
epoch 1120 1552 2048 27728 503078304.0
epoch 1121 1537 2048 27600 636898624.0
epoch 1122 973 1024 15664 507805952.0
epoch 1123 1985 2048 36076 545677696.0
epoch 1124 1042 1024 16476 584140288.0
epoch 1125 1436 1024 24000 562256320.0
epoch 1126 1357 2048 24376 780378368.0
epoch 1127 1548 2048 27696 449911424.0
epoch 1128 955 1024 15464 615559616.0
epoch 1129 1523 2048 27420 499482880.0
epoch 1130 531 512 7260 499182560.0
epoch 1131 565 512 7608 362202752.0
epoch 1132 2948 4096 59644 662046336.0
epoch 1133 1815 2048 32924 716363136.0
epoch 1134 1212 2048 22440 1347724416.0
epoch 1135 1047 1024 16540 594157696.0
epoch 1136 1838 2048 33164 544704704.0
epoch 1137 1568 2048 27872 485266816.0
epoch 1138 1046 1024 16536 552127232.0
epoch 1139 1544 2048 27676 494663904.0
epoch 1140 579 512 8572 726431488.0
epoch 1141 987 1024 15548 336599488.0
epoch 1142 1755 2048 32144 358716608.0
epoch 1143 2007 2048 36252 435584512.0
epoch 1144 1304 2048 23680 643178112.0
epoch 1145 1060 1024 16632 382696576.0
epoch 1146 1961 2048 35440 442668992.0
epoch 1147 1050 1024 16568 540456960.0
epoch 1148 1499 2048 27052 521015712.0
epoch 1149 1040 1024 16464 351387008.0
epoch 1150 1301 2048 23664 463020608.0
epoch 1151 1036 1024 16444 444856192.0
epoch 1152 1974 2048 35644 384620064.0
epoch 1153 529 512 7248 667829504.0
epoch 1154 529 512 7248 379883552.0
epoch 1155 999 1024 15708 342597408.0
epoch 1156 1990 2048 36104 310436096.0
epoch 1157 1295 2048 23624 581272576.0
epoch 1158 1832 2048 33132 541057728.0
epoch 1159 2054 2048 36888 440950016.0
epoch 1160 1528 2048 27484 603072512.0
epoch 1161 1034 1024 16424 573032064.0
epoch 1162 786 1024 12400 498068320.0
epoch 1163 1553 2048 27736 424892576.0
epoch 1164 1040 1024 16464 324479008.0
epoch 1165 1569 2048 28048 392436512.0
epoch 1166 587 512 7964 356622016.0
epoch 1167 912 1024 14656 397209728.0
epoch 1168 1563 2048 27828 296657920.0
epoch 1169 1033 1024 16416 353294528.0
epoch 1170 1882 2048 33724 267744256.0
epoch 1171 527 512 7240 551504384.0
epoch 1172 1943 2048 35200 301711104.0
epoch 1173 817 1024 12696 394722528.0
epoch 1174 1083 1024 17020 305286656.0
epoch 1175 780 1024 12332 394243008.0
epoch 1176 1012 1024 16160 206241888.0
epoch 1177 1919 2048 35004 299522176.0
epoch 1178 1053 1024 16640 245989760.0
epoch 1179 1081 1024 17000 257356112.0
epoch 1180 1682 2048 31064 435577664.0
epoch 1181 1801 2048 32800 546534656.0
epoch 1182 1425 2048 25936 869724224.0
epoch 1183 1048 1024 16544 480830656.0
epoch 1184 543 512 7372 487714048.0
epoch 1185 543 512 7372 381557632.0
epoch 1186 1032 1024 16412 323543872.0
epoch 1187 788 1024 12396 298423520.0
epoch 1188 904 1024 14576 233121376.0
epoch 1189 1553 2048 27736 193038464.0
epoch 1190 1825 2048 33000 354855968.0
epoch 1191 1036 1024 16444 356500032.0
epoch 1192 1009 1024 16172 346224096.0
epoch 1193 1537 2048 27628 317923776.0
epoch 1194 1055 1024 16596 303478752.0
epoch 1195 2086 2048 37212 224522080.0
epoch 1196 1937 2048 35184 386842304.0
epoch 1197 1807 2048 32844 529604896.0
epoch 1198 934 1024 14844 430369824.0
epoch 1199 539 512 7340 483298432.0
epoch 1200 522 512 7164 388349504.0
epoch 1201 960 1024 15128 270999840.0
epoch 1202 1045 1024 16492 140056432.0
epoch 1203 1565 2048 27848 224055616.0
epoch 1204 2073 2048 37216 200448096.0
epoch 1205 976 1024 15692 477393280.0
epoch 1206 498 512 6928 429125440.0
epoch 1207 1055 1024 16592 168582912.0
epoch 1208 798 1024 12476 268846880.0
epoch 1209 805 1024 12536 178372928.0
epoch 1210 1035 1024 16428 218137584.0
epoch 1211 698 1024 10984 274662432.0
epoch 1212 1027 1024 16204 170102768.0
epoch 1213 2023 2048 36360 165832064.0
epoch 1214 1031 1024 16408 391033344.0
epoch 1215 2013 2048 36320 201528416.0
epoch 1216 1388 2048 25452 550840128.0
epoch 1217 1562 2048 27820 332196672.0
epoch 1218 563 512 7596 361207072.0
epoch 1219 2118 2048 37660 268234496.0
epoch 1220 1547 2048 27692 641771968.0
epoch 1221 801 1024 12504 528675104.0
epoch 1222 1126 1024 17752 364775168.0
epoch 1223 1029 1024 16368 393620224.0
epoch 1224 1810 2048 32860 448614208.0
epoch 1225 2064 2048 36976 376931072.0
epoch 1226 2043 2048 36600 580251968.0
epoch 1227 1473 2048 26768 1102102528.0
epoch 1228 660 1024 10588 1203939840.0
epoch 1229 922 1024 14732 815448384.0
epoch 1230 801 1024 12504 556027008.0
epoch 1231 685 1024 10780 483256288.0
epoch 1232 994 1024 15836 412011008.0
epoch 1233 792 1024 12416 360946720.0
epoch 1234 608 512 8208 260160064.0
epoch 1235 1047 1024 16540 204618048.0
epoch 1236 1865 2048 34320 203995120.0
epoch 1237 1285 1024 20496 178052992.0
epoch 1238 1412 1024 23280 215223968.0
epoch 1239 2032 2048 36624 416279552.0
epoch 1240 1453 2048 26240 721751488.0
epoch 1241 1575 2048 27940 509477984.0
epoch 1242 1033 1024 16416 658297600.0
epoch 1243 2549 4096 52004 600504192.0
epoch 1244 884 1024 14364 847886336.0
epoch 1245 967 1024 15548 589734272.0
epoch 1246 527 512 7228 545501952.0
epoch 1247 886 1024 14384 523621664.0
epoch 1248 609 512 8180 264582784.0
epoch 1249 1051 1024 16632 241227936.0
epoch 1250 1549 1024 25672 132011808.0
epoch 1251 2039 2048 36676 385345504.0
epoch 1252 1549 2048 27716 777392128.0
epoch 1253 2073 2048 37048 475232864.0
epoch 1254 1042 1024 16476 657949696.0
epoch 1255 1546 2048 27688 698716480.0
epoch 1256 975 1024 15676 526355328.0
epoch 1257 790 1024 12424 614026368.0
epoch 1258 1028 1024 16304 264266720.0
epoch 1259 557 512 7496 401154592.0
epoch 1260 1689 2048 31112 403632192.0
epoch 1261 1558 2048 27800 292809152.0
epoch 1262 1020 1024 16252 344405152.0
epoch 1263 553 512 7520 302311104.0
epoch 1264 1042 1024 16476 155709040.0
epoch 1265 474 512 6536 304985856.0
epoch 1266 1053 1024 16572 72234056.0
epoch 1267 1575 2048 27940 154478768.0
epoch 1268 2029 2048 36612 327155872.0
epoch 1269 1040 1024 16464 339286080.0
epoch 1270 1552 2048 27728 359863072.0
epoch 1271 1522 2048 27416 599360384.0
epoch 1272 1554 2048 27740 409549952.0
epoch 1273 2016 2048 36324 597231872.0
epoch 1274 1566 2048 27880 758438656.0
epoch 1275 2062 2048 36940 469903616.0
epoch 1276 1041 1024 16472 701500800.0
epoch 1277 1054 1024 16588 628059072.0
epoch 1278 1037 1024 16452 620440384.0
epoch 1279 976 1024 15692 568309568.0
epoch 1280 864 1024 14028 545755136.0
epoch 1281 513 512 7056 513516992.0
epoch 1282 1031 1024 16404 277536608.0
epoch 1283 550 512 7420 220271744.0
epoch 1284 547 512 7404 251807792.0
epoch 1285 1155 1024 18088 91506400.0
epoch 1286 938 1024 14444 198136352.0
epoch 1287 1040 1024 16476 220876544.0
epoch 1288 1598 2048 28180 247853344.0
epoch 1289 974 1024 15432 345531520.0
epoch 1290 610 512 8412 177884320.0
epoch 1291 1576 2048 28004 225660256.0
epoch 1292 1054 1024 16588 221005760.0
epoch 1293 1016 1024 16096 215668160.0
epoch 1294 2907 4096 59232 1070465280.0
epoch 1295 1041 1024 16472 548139520.0
epoch 1296 2081 2048 37148 398113056.0
epoch 1297 1993 2048 36128 503913600.0
epoch 1298 1009 1024 16144 710080320.0
epoch 1299 789 1024 12428 722633088.0
epoch 1300 1046 1024 16508 344212480.0
epoch 1301 1171 1024 19804 470781536.0
epoch 1302 1052 1024 16576 275132896.0
epoch 1303 1061 1024 16720 346890208.0
epoch 1304 1606 2048 28436 330642112.0
epoch 1305 1066 1024 16760 347888256.0
epoch 1306 1682 2048 29492 380002208.0
epoch 1307 539 512 7340 536923392.0
epoch 1308 1039 1024 16460 254792608.0
epoch 1309 1035 1024 16428 241911872.0
epoch 1310 1087 1024 17100 176628992.0
epoch 1311 532 512 7276 235192640.0
epoch 1312 1737 2048 30264 80778040.0
epoch 1313 2017 2048 36316 348248384.0
epoch 1314 1007 1024 16012 298770208.0
epoch 1315 2138 2048 38076 265086064.0
epoch 1316 2860 4096 57728 1004919488.0
epoch 1317 1493 2048 27008 1125835904.0
epoch 1318 1016 1024 16220 922216064.0
epoch 1319 1076 1024 16852 568133568.0
epoch 1320 1046 1024 16508 361561600.0
epoch 1321 1032 1024 16412 484393824.0
epoch 1322 1931 2048 34620 228215392.0
epoch 1323 1983 2048 35980 555502336.0
epoch 1324 1429 2048 25960 790755200.0
epoch 1325 1012 1024 16160 514339296.0
epoch 1326 1844 2048 34076 680347456.0
epoch 1327 1930 2048 35112 726050496.0
epoch 1328 503 512 6956 831449984.0
epoch 1329 812 1024 12668 634223040.0
epoch 1330 2038 2048 36696 362855040.0
epoch 1331 1708 2048 30340 656914240.0
epoch 1332 2581 4096 52344 977806272.0
epoch 1333 1562 2048 27832 768593664.0
epoch 1334 664 1024 10620 1097848320.0
epoch 1335 1046 1024 16508 471445632.0
epoch 1336 1039 1024 16460 419825888.0
epoch 1337 962 1024 15512 603117312.0
epoch 1338 986 1024 15532 378224480.0
epoch 1339 799 1024 12492 370022912.0
epoch 1340 937 1024 14944 288415136.0
epoch 1341 2518 4096 51600 856885888.0
epoch 1342 783 1024 12348 638051584.0
epoch 1343 1557 2048 27768 520293120.0
epoch 1344 1000 1024 15952 365276224.0
epoch 1345 320 256 3604 536614944.0
epoch 1346 1512 2048 27228 319933888.0
epoch 1347 1055 1024 16604 244726848.0
epoch 1348 1030 1024 16316 236004400.0
epoch 1349 1443 2048 26084 441818432.0
epoch 1350 821 1024 12752 340076096.0
epoch 1351 1504 2048 27088 281539456.0
epoch 1352 545 512 7384 281548672.0
epoch 1353 1429 2048 25960 289348224.0
epoch 1354 826 1024 12904 287345856.0
epoch 1355 1546 2048 27660 171870432.0
epoch 1356 1734 2048 30908 247527120.0
epoch 1357 558 512 7500 261465744.0
epoch 1358 1810 2048 32860 219360624.0
epoch 1359 1003 1024 15980 358685568.0
epoch 1360 915 1024 14684 383793760.0
epoch 1361 1039 1024 16460 191832320.0
epoch 1362 1940 2048 35212 388222592.0
epoch 1363 1439 2048 26060 413941952.0
epoch 1364 534 512 7276 302591296.0
epoch 1365 594 512 7860 231785840.0
epoch 1366 1910 2048 34748 219611392.0
epoch 1367 1095 1024 17180 267287600.0
epoch 1368 2390 4096 49768 920668480.0
epoch 1369 2082 2048 38032 478748608.0
epoch 1370 946 1024 15004 577441792.0
epoch 1371 517 512 7136 590376640.0
epoch 1372 785 1024 12368 434544480.0
epoch 1373 1054 1024 16588 218719952.0
epoch 1374 493 512 6892 460675776.0
epoch 1375 1560 2048 27808 196839616.0
epoch 1376 580 512 7904 229394816.0
epoch 1377 2051 2048 36860 162780064.0
epoch 1378 2056 2048 36896 243349632.0
epoch 1379 2297 4096 47928 1244234624.0
epoch 1380 1031 1024 16348 812799424.0
epoch 1381 920 1024 14748 850403456.0
epoch 1382 1965 2048 35584 494986848.0
epoch 1383 1043 1024 16480 539298176.0
epoch 1384 1452 2048 26176 794659968.0
epoch 1385 525 512 7216 728590848.0
epoch 1386 1039 1024 16460 372690848.0
epoch 1387 1491 2048 26972 430218432.0
epoch 1388 757 1024 12064 483072768.0
epoch 1389 1098 1024 17208 285949792.0
epoch 1390 829 1024 12808 305842880.0
epoch 1391 1820 2048 32964 287208000.0
epoch 1392 1463 2048 26428 350003200.0
epoch 1393 986 1024 15756 318736448.0
epoch 1394 1047 1024 16540 287337408.0
epoch 1395 1067 1024 16764 225985440.0
epoch 1396 1083 1024 16900 228326000.0
epoch 1397 1973 2048 35516 206453824.0
epoch 1398 1984 2048 35988 525177280.0
epoch 1399 2041 2048 36768 570864640.0
epoch 1400 1037 1024 16448 665338368.0
epoch 1401 1550 2048 27708 620947200.0
epoch 1402 1016 1024 16280 668431360.0
epoch 1403 539 512 7340 532956352.0
epoch 1404 528 512 7244 502963904.0
epoch 1405 2058 2048 36908 187308704.0
epoch 1406 2054 2048 36888 357711008.0
epoch 1407 999 1024 15960 519493408.0
epoch 1408 1496 2048 27008 514620736.0
epoch 1409 978 1024 15700 527217408.0
epoch 1410 1820 2048 33132 442987008.0
epoch 1411 519 512 7004 540829696.0
epoch 1412 1053 1024 16632 292820544.0
epoch 1413 1505 2048 27152 337178240.0
epoch 1414 2136 2048 37816 502283488.0
epoch 1415 1700 2048 31244 988707200.0
epoch 1416 1087 1024 17100 814743936.0
epoch 1417 1539 2048 27612 659126528.0
epoch 1418 1571 2048 27888 653481216.0
epoch 1419 975 1024 15688 945846144.0
epoch 1420 972 1024 15600 631509376.0
epoch 1421 574 512 7696 617118080.0
epoch 1422 1553 2048 27736 377753664.0
epoch 1423 1070 1024 16780 315110496.0
epoch 1424 1040 1024 16468 257635456.0
epoch 1425 1589 2048 28216 179798112.0
epoch 1426 1801 2048 32800 412079232.0
epoch 1427 923 1024 14764 438397376.0
epoch 1428 1399 2048 25532 384430400.0
epoch 1429 2132 2048 37784 278893760.0
epoch 1430 1554 2048 27740 282001248.0
epoch 1431 2072 2048 37032 342753152.0
epoch 1432 1697 2048 31192 898620480.0
epoch 1433 1047 1024 16540 524571200.0
epoch 1434 803 1024 12572 621606784.0
epoch 1435 2453 4096 50536 1024663552.0
epoch 1436 1521 2048 27312 856999872.0
epoch 1437 565 512 7608 632240768.0
epoch 1438 1019 1024 16296 548486080.0
epoch 1439 1545 2048 27680 339766912.0
epoch 1440 917 1024 14704 461117248.0
epoch 1441 1068 1024 16768 297950336.0
epoch 1442 1040 1024 16464 303690112.0
epoch 1443 536 512 7296 261733312.0
epoch 1444 791 1024 12412 224112160.0
epoch 1445 967 1024 15548 182565728.0
epoch 1446 2105 2048 37496 227780960.0
epoch 1447 2012 2048 36336 402857696.0
epoch 1448 534 512 7288 732466624.0
epoch 1449 1942 2048 35188 347329344.0
epoch 1450 1002 1024 16096 600671168.0
epoch 1451 1026 1024 16344 394362176.0
epoch 1452 1050 1024 16556 257761120.0
epoch 1453 2712 4096 55680 931853824.0
epoch 1454 546 512 7388 571177920.0
epoch 1455 1572 2048 28064 360797760.0
epoch 1456 1018 1024 16232 568643456.0
epoch 1457 1739 2048 32036 662386752.0
epoch 1458 795 1024 12460 604033664.0
epoch 1459 681 1024 10760 532094528.0
epoch 1460 1042 1024 16476 260453536.0
epoch 1461 1784 2048 32576 334296096.0
epoch 1462 1843 2048 33228 538938752.0
epoch 1463 1535 2048 27532 538314816.0
epoch 1464 1005 1024 16112 549127872.0
epoch 1465 1428 2048 25980 720335104.0
epoch 1466 1330 2048 23916 503816256.0
epoch 1467 1554 2048 27740 497747488.0
epoch 1468 1931 2048 35116 500935104.0
epoch 1469 1062 1024 16668 448935872.0
epoch 1470 2048 2048 36844 501831616.0
epoch 1471 1058 1024 16620 420454240.0
epoch 1472 1579 2048 28028 411268896.0
epoch 1473 1957 2048 35352 799293504.0
epoch 1474 1056 1024 16600 505104384.0
epoch 1475 1565 2048 27848 542691776.0
epoch 1476 1995 2048 36140 793345664.0
epoch 1477 1030 1024 16364 623632576.0
epoch 1478 1042 1024 16476 447819968.0
epoch 1479 1054 1024 16588 380875776.0
epoch 1480 1470 2048 26380 434219520.0
epoch 1481 1023 1024 16268 379260192.0
epoch 1482 973 1024 15664 494546016.0
epoch 1483 1042 1024 16476 213436736.0
epoch 1484 1013 1024 16168 324276576.0
epoch 1485 1707 2048 31340 428603648.0
epoch 1486 1940 2048 35200 280297312.0
epoch 1487 1030 1024 16344 366058272.0
epoch 1488 1844 2048 33356 302519712.0
epoch 1489 1966 2048 35840 479971008.0
epoch 1490 274 256 3152 773919936.0
epoch 1491 1025 1024 16280 286188448.0
epoch 1492 783 1024 12360 457983680.0
epoch 1493 577 512 7708 243643520.0
epoch 1494 938 1024 15072 284266656.0
epoch 1495 1044 1024 16488 123949144.0
epoch 1496 1004 1024 16108 222607008.0
epoch 1497 1054 1024 16588 189850000.0
epoch 1498 2581 4096 52344 461904640.0
epoch 1499 853 1024 13200 329679232.0
epoch 1500 1042 1024 16476 201039904.0
epoch 1501 1047 1024 16540 222490400.0
epoch 1502 1025 1024 16156 190112320.0
epoch 1503 1926 2048 35052 219989456.0
epoch 1504 542 512 7368 343460352.0
epoch 1505 548 512 7412 245784048.0
epoch 1506 1487 2048 26952 303361888.0
epoch 1507 1075 1024 16820 197243936.0
epoch 1508 1080 1024 16880 113013936.0
epoch 1509 1682 2048 29564 125645200.0
epoch 1510 1067 1024 16764 190964960.0
epoch 1511 1002 1024 15976 273162112.0
epoch 1512 2080 2048 37096 139877920.0
epoch 1513 1999 2048 36172 220701408.0
epoch 1514 1292 2048 23596 691268480.0
epoch 1515 531 512 7260 432246432.0
epoch 1516 1174 1024 18840 228177312.0
epoch 1517 2082 2048 37132 172224416.0
epoch 1518 1304 2048 23708 558080000.0
epoch 1519 1046 1024 16508 190518608.0
epoch 1520 2058 2048 36908 463710336.0
epoch 1521 1434 1024 23980 593742336.0
epoch 1522 1552 2048 27728 615769088.0
epoch 1523 1056 1024 16600 635272576.0
epoch 1524 773 1024 12256 736329216.0
epoch 1525 785 1024 12368 508251872.0
epoch 1526 921 1024 14728 364556992.0
epoch 1527 1552 2048 27672 223915392.0
epoch 1528 563 512 7708 308755328.0
epoch 1529 1025 1024 16364 394610240.0
epoch 1530 1527 2048 27452 261978176.0
epoch 1531 959 1024 15120 203399168.0
epoch 1532 1515 2048 27340 271990848.0
epoch 1533 1985 2048 36016 285276480.0
epoch 1534 1088 1024 17104 200034688.0
epoch 1535 1574 2048 27932 289956608.0
epoch 1536 1053 1024 16584 248157680.0
epoch 1537 915 1024 14684 437612320.0
epoch 1538 973 1024 15416 201746160.0
epoch 1539 1551 2048 27724 261612112.0
epoch 1540 833 1024 12840 350924608.0
epoch 1541 1996 2048 36156 182640960.0
epoch 1542 2223 2048 39576 329958112.0
epoch 1543 1952 2048 35288 556453248.0
epoch 1544 1037 1024 16448 553653696.0
epoch 1545 2324 2048 41112 451514368.0
epoch 1546 1040 1024 16456 476250432.0
epoch 1547 918 1024 14712 601739136.0
epoch 1548 2019 2048 36420 400321664.0
epoch 1549 986 1024 15784 555422784.0
epoch 1550 2028 2048 36424 439029824.0
epoch 1551 2024 2048 36448 423989120.0
epoch 1552 1490 2048 26968 823777024.0
epoch 1553 1548 2048 27708 680003328.0
epoch 1554 1615 2048 28496 418579968.0
epoch 1555 2083 2048 37140 572765632.0
epoch 1556 1442 2048 26136 869693568.0
epoch 1557 1033 1024 16416 723570304.0
epoch 1558 798 1024 12488 766901504.0
epoch 1559 554 512 7528 817122048.0
epoch 1560 539 512 7400 582448896.0
epoch 1561 1569 2048 27880 311331904.0
epoch 1562 540 512 7348 454090432.0
epoch 1563 858 1024 13948 331260224.0
epoch 1564 1049 1024 16536 178644016.0
epoch 1565 1166 1024 18252 92969944.0
epoch 1566 1010 1024 16148 190197632.0
epoch 1567 1763 2048 32224 293123136.0
epoch 1568 1800 2048 32796 633087872.0
epoch 1569 1429 2048 25996 782794752.0
epoch 1570 1811 2048 32868 577539904.0
epoch 1571 994 1024 15836 481351296.0
epoch 1572 1930 2048 35112 599285120.0
epoch 1573 1545 2048 27680 756256832.0
epoch 1574 977 1024 15696 648107264.0
epoch 1575 1008 1024 16140 517122976.0
epoch 1576 549 512 7416 355810624.0
epoch 1577 785 1024 12368 332130496.0
epoch 1578 1320 1024 20792 228142288.0
epoch 1579 2991 4096 60052 831956608.0
epoch 1580 1025 1024 16336 764514496.0
epoch 1581 1975 2048 35900 544095872.0
epoch 1582 1545 2048 27680 791644608.0
epoch 1583 985 1024 15776 781260032.0
epoch 1584 1563 2048 27836 454859520.0
epoch 1585 1012 1024 16160 438399296.0
epoch 1586 540 512 7356 558719360.0
epoch 1587 855 1024 13272 471990688.0
epoch 1588 1830 2048 33112 378030528.0
epoch 1589 557 512 7496 367098784.0
epoch 1590 1562 2048 27820 221845856.0
epoch 1591 931 1024 14828 227486608.0
epoch 1592 980 1024 15712 130155640.0
epoch 1593 1118 1024 17388 63957416.0
epoch 1594 2260 2048 40312 244387200.0
epoch 1595 1192 1024 18536 401641536.0
epoch 1596 1123 1024 17400 365360512.0
epoch 1597 631 512 8668 414531648.0
epoch 1598 530 512 7256 321820384.0
epoch 1599 1767 2048 32260 104695736.0
epoch 1600 538 512 7308 133237912.0
epoch 1601 935 1024 14852 128845472.0
epoch 1602 2062 2048 36940 166029056.0
epoch 1603 1892 2048 34536 382853056.0
epoch 1604 1739 2048 32036 593684224.0
epoch 1605 789 1024 12392 626643584.0
epoch 1606 635 512 8448 331933376.0
epoch 1607 1100 1024 17208 94354960.0
epoch 1608 551 512 7484 236229760.0
epoch 1609 2512 4096 51532 610217984.0
epoch 1610 563 512 7596 254190848.0
epoch 1611 2399 4096 49860 889730048.0
epoch 1612 1034 1024 16424 368868928.0
epoch 1613 1935 2048 35148 387139072.0
epoch 1614 1578 2048 27964 258504640.0
epoch 1615 1010 1024 16188 519288192.0
epoch 1616 2013 2048 36048 304132896.0
epoch 1617 1047 1024 16540 458130368.0
epoch 1618 879 1024 13484 323080448.0
epoch 1619 885 1024 13528 256760080.0
epoch 1620 1048 1024 16548 223486784.0
epoch 1621 1098 1024 17208 205711936.0
epoch 1622 564 512 7616 147324064.0
epoch 1623 2848 4096 57588 278076480.0
epoch 1624 1012 1024 16160 344856192.0
epoch 1625 1867 2048 34340 618123648.0
epoch 1626 1016 1024 16220 524267904.0
epoch 1627 547 512 7392 427928512.0
epoch 1628 2068 2048 37012 271194880.0
epoch 1629 532 512 7264 484750208.0
epoch 1630 1008 1024 16140 431319968.0
epoch 1631 983 1024 15740 247271968.0
epoch 1632 1046 1024 16524 229261536.0
epoch 1633 531 512 7260 341116416.0
epoch 1634 1576 2048 27928 217379584.0
epoch 1635 1693 2048 31168 366362304.0
epoch 1636 1809 2048 32892 614357632.0
epoch 1637 966 1024 15588 482560768.0
epoch 1638 1808 2048 32848 539577280.0
epoch 1639 1568 2048 27920 456556224.0
epoch 1640 2714 4096 55692 721268992.0
epoch 1641 2839 4096 57476 1060505216.0
epoch 1642 523 512 7208 1369079552.0
epoch 1643 2040 2048 36764 724894272.0
epoch 1644 1556 2048 27760 924420544.0
epoch 1645 1554 2048 27740 812566784.0
epoch 1646 1047 1024 16540 717926784.0
epoch 1647 944 1024 14996 632179584.0
epoch 1648 1100 1024 17216 347927136.0
epoch 1649 565 512 7632 505528896.0
epoch 1650 816 1024 12812 457647616.0
epoch 1651 1938 2048 35164 301622784.0
epoch 1652 1553 2048 27736 407984032.0
epoch 1653 1805 2048 32824 444080448.0
epoch 1654 1551 2048 27724 431290816.0
epoch 1655 1990 2048 36112 704439808.0
epoch 1656 1000 1024 16060 775456256.0
epoch 1657 2064 2048 36952 475596992.0
epoch 1658 1053 1024 16584 573323264.0
epoch 1659 1080 1024 16872 386105216.0
epoch 1660 948 1024 15388 603064576.0
epoch 1661 917 1024 14696 445270560.0
epoch 1662 1494 2048 26988 329118400.0
epoch 1663 1098 1024 17448 397216640.0
epoch 1664 2034 2048 36636 396213504.0
epoch 1665 802 1024 12520 563635072.0
epoch 1666 1013 1024 16044 283373152.0
epoch 1667 466 512 6480 417315264.0
epoch 1668 1056 1024 16656 209572896.0
epoch 1669 975 1024 15676 316888992.0
epoch 1670 1043 1024 16484 204287136.0
epoch 1671 1942 2048 35224 490888800.0
epoch 1672 2714 4096 55692 1231432704.0
epoch 1673 1039 1024 16460 1119261184.0
epoch 1674 887 1024 14268 912235840.0
epoch 1675 503 512 6956 843727872.0
epoch 1676 1935 2048 35148 588568896.0
epoch 1677 2041 2048 36768 547838464.0
epoch 1678 1045 1024 16504 655506944.0
epoch 1679 961 1024 15160 656793472.0
epoch 1680 1061 1024 16636 360199136.0
epoch 1681 1838 2048 33164 319784672.0
epoch 1682 1556 2048 27760 394838656.0
epoch 1683 1807 2048 32844 597886592.0
epoch 1684 1041 1024 16480 320114112.0
epoch 1685 975 1024 15688 434160576.0
epoch 1686 1175 2048 21892 558319872.0
epoch 1687 1579 2048 28028 299679872.0
epoch 1688 2046 2048 36808 335478112.0
epoch 1689 1516 2048 27372 706286592.0
epoch 1690 1566 2048 27852 591520640.0
epoch 1691 931 1024 14876 486079232.0
epoch 1692 1049 1024 16552 323116224.0
epoch 1693 1041 1024 16472 451715520.0
epoch 1694 532 512 7264 399556032.0
epoch 1695 1771 2048 32488 463725792.0
epoch 1696 556 512 7536 301590272.0
epoch 1697 1050 1024 16556 208830784.0
epoch 1698 556 512 7488 146473456.0
epoch 1699 1019 1024 16236 175654368.0
epoch 1700 1542 2048 27580 87929744.0
epoch 1701 1808 2048 32852 315917344.0
epoch 1702 1827 2048 33084 289036544.0
epoch 1703 1044 1024 16524 288140928.0
epoch 1704 1050 1024 16556 181813664.0
epoch 1705 913 1024 14672 395472192.0
epoch 1706 1039 1024 16460 227807712.0
epoch 1707 1047 1024 16540 129040872.0
epoch 1708 992 1024 15824 94907680.0
epoch 1709 1067 1024 16764 119136064.0
epoch 1710 1833 2048 33068 228400800.0
epoch 1711 941 1024 14472 247921488.0
epoch 1712 1581 2048 28040 143723296.0
epoch 1713 2081 2048 37160 245080784.0
epoch 1714 1013 1024 16192 333038208.0
epoch 1715 2522 4096 51596 493740128.0
epoch 1716 1834 2048 33144 366507328.0
epoch 1717 1019 1024 16236 372709952.0
epoch 1718 1170 1024 18284 156859392.0
epoch 1719 589 512 8000 282239424.0
epoch 1720 896 1024 14476 285409760.0
epoch 1721 2831 4096 57420 863704064.0
epoch 1722 1420 2048 25900 1095084032.0
epoch 1723 536 512 7324 1071305728.0
epoch 1724 1058 1024 16620 239329888.0
epoch 1725 1052 1024 16576 192756512.0
epoch 1726 1012 1024 16076 320082912.0
epoch 1727 1023 1024 16316 274063008.0
epoch 1728 1024 1024 16272 148433600.0
epoch 1729 1020 1024 16252 223517216.0
epoch 1730 1038 1024 16456 262801616.0
epoch 1731 2088 2048 37176 268373408.0
epoch 1732 2313 2048 44064 583419968.0
epoch 1733 1550 2048 27720 655548032.0
epoch 1734 934 1024 15012 573457664.0
epoch 1735 1688 2048 31132 832765440.0
epoch 1736 1039 1024 16460 473904512.0
epoch 1737 1055 1024 16652 384186592.0
epoch 1738 1356 2048 24368 388758080.0
epoch 1739 1547 2048 27692 313888640.0
epoch 1740 791 1024 12412 376184576.0
epoch 1741 1025 1024 16364 275502784.0
epoch 1742 1573 2048 27960 163601280.0
epoch 1743 550 512 7420 189202464.0
epoch 1744 1816 2048 32928 128707440.0
epoch 1745 1051 1024 16620 160293632.0
epoch 1746 536 512 7324 248042112.0
epoch 1747 1072 1024 16792 62941892.0
epoch 1748 516 512 7072 114051840.0
epoch 1749 1302 2048 23696 133649232.0
epoch 1750 613 512 8440 66697636.0
epoch 1751 574 512 7692 45979016.0
epoch 1752 1057 1024 16688 50504384.0
epoch 1753 1238 1024 19672 66009652.0
epoch 1754 529 512 7252 265518736.0
epoch 1755 548 512 7408 80662624.0
epoch 1756 894 1024 14512 70968576.0
epoch 1757 1936 2048 35152 79074272.0
epoch 1758 1579 2048 28028 153255840.0
epoch 1759 1022 1024 16264 306226880.0
epoch 1760 1033 1024 16416 158410352.0
epoch 1761 1570 2048 27884 95279376.0
epoch 1762 1043 1024 16516 194813696.0
epoch 1763 871 1024 13348 144661920.0
epoch 1764 1576 2048 28004 216258272.0
epoch 1765 2041 2048 36696 217588544.0
epoch 1766 1103 1024 17260 212209408.0
epoch 1767 1040 1024 16468 165088560.0
epoch 1768 1556 2048 27764 329656512.0
epoch 1769 2513 4096 51536 582339456.0
epoch 1770 1565 2048 27848 367864864.0
epoch 1771 1569 2048 27880 569521792.0
epoch 1772 524 512 7212 671126784.0
epoch 1773 579 512 7840 232040544.0
epoch 1774 1312 2048 23764 310131840.0
epoch 1775 963 1024 15324 260450976.0
epoch 1776 832 1024 12824 117568856.0
epoch 1777 1566 2048 27852 102978160.0
epoch 1778 1808 2048 32852 260925632.0
epoch 1779 1806 2048 32840 580033792.0
epoch 1780 999 1024 15960 509384000.0
epoch 1781 1551 2048 27724 331914816.0
epoch 1782 1956 2048 35344 261215616.0
epoch 1783 1453 2048 26244 664616448.0
epoch 1784 1554 2048 27740 499147968.0
epoch 1785 1953 2048 35376 635142400.0
epoch 1786 1528 2048 27484 756616448.0
epoch 1787 2088 2048 37176 549848128.0
epoch 1788 1943 2048 35228 1025306880.0
epoch 1789 561 512 7696 1344236160.0
epoch 1790 1003 1024 15984 1041343488.0
epoch 1791 721 1024 11584 1283403776.0
epoch 1792 1566 2048 27852 488545568.0
epoch 1793 1806 2048 32812 528173216.0
epoch 1794 1129 1024 17528 609656192.0
epoch 1795 936 1024 14940 968640512.0
epoch 1796 523 512 7208 725846400.0
epoch 1797 1782 2048 32568 633391488.0
epoch 1798 1065 1024 16744 355939296.0
epoch 1799 1035 1024 16428 625393344.0
epoch 1800 1547 2048 27692 436526624.0
epoch 1801 1996 2048 35904 219210912.0
epoch 1802 1035 1024 16440 849945856.0
epoch 1803 1054 1024 16588 317397568.0
epoch 1804 1011 1024 16156 289214464.0
epoch 1805 1056 1024 16600 163545280.0
epoch 1806 1558 2048 27796 373822272.0
epoch 1807 1056 1024 16600 215554624.0
epoch 1808 1337 2048 24040 699570624.0
epoch 1809 921 1024 14752 465926848.0
epoch 1810 1333 2048 24016 397226752.0
epoch 1811 539 512 7316 263431744.0
epoch 1812 1479 2048 26860 278614272.0
epoch 1813 522 512 7004 221590848.0
epoch 1814 1580 2048 28036 222227888.0
epoch 1815 1751 2048 32152 438296640.0
epoch 1816 2025 2048 36408 191833088.0
epoch 1817 1046 1024 16532 430095104.0
epoch 1818 784 1024 12364 702517632.0
epoch 1819 1580 2048 28032 190673456.0
epoch 1820 1081 1024 17000 290993280.0
epoch 1821 1808 2048 32848 400742624.0
epoch 1822 1547 2048 27692 669664064.0
epoch 1823 1050 1024 16616 509824896.0
epoch 1824 1484 2048 26924 794448896.0
epoch 1825 1622 2048 28572 297731808.0
epoch 1826 1554 2048 27740 662388608.0
epoch 1827 1035 1024 16428 602957696.0
epoch 1828 971 1024 15664 762692672.0
epoch 1829 2178 2048 38604 161297840.0
epoch 1830 460 512 6440 1095487488.0
epoch 1831 1165 1024 18248 232749568.0
epoch 1832 1582 2048 28044 309809408.0
epoch 1833 1985 2048 35992 529420768.0
epoch 1834 1791 2048 32652 644907904.0
epoch 1835 889 1024 14428 865195840.0
epoch 1836 1021 1024 16304 621745408.0
epoch 1837 1553 2048 27736 489473344.0
epoch 1838 3054 4096 61096 807369088.0
epoch 1839 1947 2048 35260 1064656128.0
epoch 1840 1047 1024 16540 922185792.0
epoch 1841 1032 1024 16412 1003467904.0
epoch 1842 1948 2048 35264 901158400.0
epoch 1843 1073 1024 16808 695655808.0
epoch 1844 1822 2048 32972 792674176.0
epoch 1845 993 1024 16012 1019526400.0
epoch 1846 1566 2048 27852 570133632.0
epoch 1847 983 1024 15740 622603136.0
epoch 1848 1064 1024 16736 273994496.0
epoch 1849 533 512 7308 461451488.0
epoch 1850 2726 4096 55832 740415744.0
epoch 1851 1538 2048 27548 361664320.0
epoch 1852 1864 2048 33400 598768384.0
epoch 1853 1819 2048 32956 761844608.0
epoch 1854 1905 2048 34240 487751680.0
epoch 1855 1559 2048 27776 519362080.0
epoch 1856 788 1024 12384 761447424.0
epoch 1857 1061 1024 16636 283917184.0
epoch 1858 3086 4096 61516 557348480.0
epoch 1859 1055 1024 16652 805925568.0
epoch 1860 915 1024 14684 1133786368.0
epoch 1861 1551 2048 27724 789477504.0
epoch 1862 1042 1024 16476 546595200.0
epoch 1863 1017 1024 16224 600361024.0
epoch 1864 2048 2048 36768 364136000.0
epoch 1865 1050 1024 16556 653403072.0
epoch 1866 1554 2048 27740 479430656.0
epoch 1867 797 1024 12472 709231040.0
epoch 1868 1903 2048 34812 541927424.0
epoch 1869 1067 1024 16888 648307968.0
epoch 1870 2512 4096 51532 1321445120.0
epoch 1871 1797 2048 32780 1180251904.0
epoch 1872 3185 4096 62672 900399872.0
epoch 1873 1040 1024 16464 1036380352.0
epoch 1874 1122 1024 17300 804358016.0
epoch 1875 2003 2048 36192 598949376.0
epoch 1876 1014 1024 16184 683442688.0
epoch 1877 842 1024 12972 550186048.0
epoch 1878 1053 1024 16584 429079104.0
epoch 1879 2824 4096 57372 1002262016.0
epoch 1880 2057 2048 36904 823065728.0
epoch 1881 1044 1024 16488 840733568.0
epoch 1882 1867 2048 33584 736942016.0
epoch 1883 1441 2048 26072 823227264.0
epoch 1884 980 1024 15712 713554432.0
epoch 1885 1040 1024 16464 636299072.0
epoch 1886 1555 2048 27772 557644928.0
epoch 1887 1014 1024 16208 541861760.0
epoch 1888 1831 2048 33116 656279232.0
epoch 1889 1798 2048 32772 720931456.0
epoch 1890 545 512 7384 813406336.0
epoch 1891 1029 1024 16368 503583936.0
epoch 1892 1035 1024 16428 396625216.0
epoch 1893 2058 2048 36908 352500800.0
epoch 1894 553 512 7436 450293696.0
epoch 1895 1049 1024 16552 336574880.0
epoch 1896 2068 2048 36984 244697952.0
epoch 1897 1045 1024 16528 530828992.0
epoch 1898 1064 1024 16680 282494016.0
epoch 1899 1037 1024 16448 377472352.0
epoch 1900 1034 1024 16396 265874880.0
epoch 1901 493 512 6892 561399552.0
epoch 1902 2002 2048 36200 266992704.0
epoch 1903 2828 4096 57404 673502976.0
epoch 1904 570 512 7660 554128896.0
epoch 1905 561 512 7696 524063520.0
epoch 1906 1937 2048 35156 282762752.0
epoch 1907 1927 2048 35096 502535840.0
epoch 1908 1543 2048 27672 648543936.0
epoch 1909 1929 2048 35104 587032320.0
epoch 1910 1046 1024 16536 550005504.0
epoch 1911 2002 2048 36188 300420160.0
epoch 1912 1929 2048 35104 710696064.0
epoch 1913 1048 1024 16520 700398080.0
epoch 1914 1163 1024 18236 340599680.0
epoch 1915 1580 2048 27976 523351520.0
epoch 1916 1557 2048 27768 375186432.0
epoch 1917 3213 4096 63308 247973936.0
epoch 1918 2003 2048 36204 605611392.0
epoch 1919 2604 2048 48520 811689728.0
epoch 1920 2810 4096 57192 2051062528.0
epoch 1921 2052 2048 36876 1894941440.0
epoch 1922 1766 2048 32336 1807567616.0
epoch 1923 1792 2048 32656 1390943488.0
epoch 1924 1033 1024 16416 1649679360.0
epoch 1925 1009 1024 16144 1321818368.0
epoch 1926 1049 1024 16552 1134190080.0
epoch 1927 1547 2048 27664 903298752.0
epoch 1928 2055 2048 36892 570662016.0
epoch 1929 1004 1024 15960 701664512.0
epoch 1930 1045 1024 16504 963539840.0
epoch 1931 997 1024 15936 852194432.0
epoch 1932 1573 2048 27960 451287168.0
epoch 1933 2031 2048 36620 482608000.0
epoch 1934 1999 2048 35836 909223296.0
epoch 1935 1294 2048 23608 1432897024.0
epoch 1936 500 512 6940 1358654464.0
epoch 1937 1494 2048 26748 361937856.0
epoch 1938 1780 2048 32544 480065152.0
epoch 1939 1862 2048 34304 945668928.0
epoch 1940 801 1024 12504 780809152.0
epoch 1941 1564 2048 27900 634948864.0
epoch 1942 1327 2048 23948 748515968.0
epoch 1943 1047 1024 16516 719046912.0
epoch 1944 555 512 7532 565596736.0
epoch 1945 990 1024 15804 335395968.0
epoch 1946 1816 2048 32928 237819568.0
epoch 1947 1046 1024 16508 187652080.0
epoch 1948 854 1024 13928 492050048.0
epoch 1949 1568 2048 27920 192270496.0
epoch 1950 1545 2048 27680 334439904.0
epoch 1951 1037 1024 16392 285166048.0
epoch 1952 1542 2048 27580 215423680.0
epoch 1953 1566 2048 27852 297561152.0
epoch 1954 1836 2048 33152 350512960.0
epoch 1955 784 1024 12364 700464960.0
epoch 1956 1057 1024 16664 257007488.0
epoch 1957 599 512 8344 446012256.0
epoch 1958 1556 2048 27764 282378624.0
epoch 1959 1060 1024 16632 184994336.0
epoch 1960 2148 2048 38168 131298696.0
epoch 1961 1867 2048 33836 486417344.0
epoch 1962 2047 2048 36812 238740864.0
epoch 1963 2057 2048 36856 314663040.0
epoch 1964 1570 2048 27932 954589632.0
epoch 1965 1800 2048 32796 1112901376.0
epoch 1966 1582 2048 28044 591589440.0
epoch 1967 1139 1024 18460 855361024.0
epoch 1968 974 1024 15672 987709760.0
epoch 1969 1797 2048 32696 640323072.0
epoch 1970 782 1024 12340 1008853888.0
epoch 1971 923 1024 14764 580787200.0
epoch 1972 553 512 7520 510888640.0
epoch 1973 1045 1024 16528 367608032.0
epoch 1974 1057 1024 16664 265442048.0
epoch 1975 1002 1024 16096 435108960.0
epoch 1976 1294 2048 23616 547943808.0
epoch 1977 1813 2048 32888 260491904.0
epoch 1978 1018 1024 16204 315787712.0
epoch 1979 1025 1024 16336 289133120.0
epoch 1980 1562 2048 27820 275352064.0
epoch 1981 2284 2048 40708 159232528.0
epoch 1982 1815 2048 32924 566704704.0
epoch 1983 1047 1024 16540 361547360.0
epoch 1984 1610 2048 28444 162739936.0
epoch 1985 1048 1024 16544 288356096.0
epoch 1986 1033 1024 16416 446011136.0
epoch 1987 1932 2048 35120 290999296.0
epoch 1988 2008 2048 36232 602092544.0
epoch 1989 1020 1024 16300 883935040.0
epoch 1990 1038 1024 16456 626289408.0
epoch 1991 1358 2048 25136 821868928.0
epoch 1992 1589 2048 28120 484345216.0
epoch 1993 1950 2048 35276 289114304.0
epoch 1994 1964 2048 35400 560779264.0
epoch 1995 974 1024 15432 551575168.0
epoch 1996 1025 1024 16288 415124736.0
epoch 1997 1880 2048 33704 242369616.0
epoch 1998 537 512 7388 651821952.0
epoch 1999 327 256 3648 396636608.0
epoch 2000 570 512 7660 158790112.0
epoch 2001 1007 1024 16012 127122120.0
epoch 2002 1072 1024 16792 120062800.0
epoch 2003 1069 1024 16776 135989088.0
epoch 2004 1956 2048 35320 193986016.0
epoch 2005 813 1024 12616 334774624.0
epoch 2006 1069 1024 16764 55309336.0
epoch 2007 1073 1024 17004 261228096.0
epoch 2008 834 1024 13208 149566848.0
epoch 2009 1556 2048 27752 79073384.0
epoch 2010 2053 2048 36700 38049112.0
epoch 2011 1061 1024 16640 109759736.0
epoch 2012 785 1024 12368 192968960.0
epoch 2013 2820 4096 57312 342613248.0
epoch 2014 1958 2048 35388 518471392.0
epoch 2015 2141 2048 38092 265786848.0
epoch 2016 532 512 7276 1009585536.0
epoch 2017 2972 4096 59832 751640832.0
epoch 2018 1919 2048 34956 921549056.0
epoch 2019 412 512 5548 1445885952.0
epoch 2020 1042 1024 16476 419835616.0
epoch 2021 1078 1024 16956 292928288.0
epoch 2022 1611 2048 28296 464666240.0
epoch 2023 1566 2048 27852 493290368.0
epoch 2024 1547 2048 27692 464840256.0
epoch 2025 1588 2048 28992 1181253120.0
epoch 2026 1120 1024 17804 533737664.0
epoch 2027 1972 2048 35536 684597760.0
epoch 2028 3787 4096 76680 840399552.0
epoch 2029 1310 2048 23752 1400692736.0
epoch 2030 1028 1024 16380 638024128.0
epoch 2031 2037 2048 36664 368543488.0
epoch 2032 825 1024 12776 857875456.0
epoch 2033 1007 1024 16012 518477696.0
epoch 2034 2092 2048 37256 290370368.0
epoch 2035 3574 4096 72508 406788096.0
epoch 2036 1418 2048 25888 1932285952.0
epoch 2037 1033 1024 16420 1414009344.0
epoch 2038 2101 2048 37704 358699712.0
epoch 2039 1047 1024 16540 602232448.0
epoch 2040 2052 2048 36876 639466752.0
epoch 2041 2967 4096 59804 1597600128.0
epoch 2042 1044 1024 16496 998087296.0
epoch 2043 1024 1024 16276 1232423680.0
epoch 2044 1744 2048 32076 1427001600.0
epoch 2045 1555 2048 27756 961395968.0
epoch 2046 984 1024 15772 1178654976.0
epoch 2047 1480 2048 26876 790038784.0
epoch 2048 1556 2048 27776 758428864.0
epoch 2049 3018 4096 60712 1252131840.0
epoch 2050 2024 2048 36544 834368000.0
epoch 2051 1311 2048 23756 2220372992.0
epoch 2052 1427 2048 25948 1581700352.0
epoch 2053 976 1024 15440 1161133056.0
epoch 2054 1928 2048 35100 881123328.0
epoch 2055 801 1024 12504 904780800.0
epoch 2056 1805 2048 32776 590726080.0
epoch 2057 1549 2048 27712 711888832.0
epoch 2058 1549 2048 27628 438065088.0
epoch 2059 1553 2048 27736 608038208.0
epoch 2060 979 1024 15708 746481920.0
epoch 2061 1912 2048 34880 333672576.0
epoch 2062 2544 4096 51980 1367921792.0
epoch 2063 1810 2048 32860 983043776.0
epoch 2064 569 512 7656 1310259456.0
epoch 2065 1047 1024 16596 920322240.0
epoch 2066 1468 2048 26732 830572544.0
epoch 2067 2062 2048 36940 413580672.0
epoch 2068 1809 2048 32856 688780544.0
epoch 2069 1647 2048 28824 460294048.0
epoch 2070 2072 2048 37044 506343360.0
epoch 2071 2587 4096 52412 1095607680.0
epoch 2072 1048 1024 16520 888434304.0
epoch 2073 659 1024 10580 1757195136.0
epoch 2074 513 512 7104 1237565440.0
epoch 2075 1056 1024 16624 367720192.0
epoch 2076 1050 1024 16556 287634688.0
epoch 2077 1636 2048 29088 294055520.0
epoch 2078 1130 1024 17896 577604864.0
epoch 2079 525 512 7228 753080576.0
epoch 2080 1558 2048 27800 354246720.0
epoch 2081 1238 2048 22672 751226496.0
epoch 2082 1595 2048 28332 332335104.0
epoch 2083 1801 2048 32800 463906304.0
epoch 2084 1011 1024 16156 428206464.0
epoch 2085 1567 2048 27868 564916352.0
epoch 2086 1824 2048 32984 486612096.0
epoch 2087 2092 2048 37256 332076992.0
epoch 2088 1036 1024 16444 702443520.0
epoch 2089 1050 1024 16556 429315968.0
epoch 2090 1420 2048 25900 431304896.0
epoch 2091 1025 1024 16280 275058912.0
epoch 2092 2827 4096 57388 572901184.0
epoch 2093 1801 2048 32800 595081152.0
epoch 2094 543 512 7372 778366848.0
epoch 2095 1583 2048 27992 332333568.0
epoch 2096 793 1024 12420 630804992.0
epoch 2097 930 1024 14840 375883328.0
epoch 2098 942 1024 14984 458912704.0
epoch 2099 1545 2048 27680 307190080.0
epoch 2100 1552 2048 27732 335705440.0
epoch 2101 1817 2048 32992 346316480.0
epoch 2102 937 1024 14944 477518528.0
epoch 2103 1100 1024 17220 243792160.0
epoch 2104 1082 1024 16892 123105520.0
epoch 2105 780 1024 12332 241602304.0
epoch 2106 476 512 6572 249427712.0
epoch 2107 1102 1024 17228 42642608.0
epoch 2108 1907 2048 34732 162651552.0
epoch 2109 1100 1024 17216 132999120.0
epoch 2110 977 1024 15696 149250720.0
epoch 2111 901 1024 14564 266704416.0
epoch 2112 2067 2048 37004 234668320.0
epoch 2113 3318 4096 68396 882883456.0
epoch 2114 1057 1024 16640 1165607680.0
epoch 2115 1901 2048 34812 994683968.0
epoch 2116 1042 1024 16488 901915264.0
epoch 2117 2600 2048 46456 342810496.0
epoch 2118 1029 1024 16368 949187072.0
epoch 2119 562 512 7580 729744704.0
epoch 2120 808 1024 12636 757962496.0
epoch 2121 1038 1024 16444 329586784.0
epoch 2122 1489 2048 26960 401342976.0
epoch 2123 2230 2048 42628 517607200.0
epoch 2124 1371 2048 25256 851786240.0
epoch 2125 1606 2048 28412 398825792.0
epoch 2126 1025 1024 16364 731035264.0
epoch 2127 1440 2048 26068 870502848.0
epoch 2128 1743 2048 32072 542553088.0
epoch 2129 1563 2048 27836 663096704.0
epoch 2130 1025 1024 16280 381913344.0
epoch 2131 1024 1024 16332 559906880.0
epoch 2132 1541 2048 27632 499302976.0
epoch 2133 762 1024 12120 727383360.0
epoch 2134 513 512 7032 308518208.0
epoch 2135 1310 2048 23752 284668928.0
epoch 2136 2045 2048 36744 64224332.0
epoch 2137 1585 2048 28144 376593152.0
epoch 2138 1945 2048 35240 190746784.0
epoch 2139 693 1024 10920 598021312.0
epoch 2140 2817 4096 57240 355977344.0
epoch 2141 2014 2048 36300 217863968.0
epoch 2142 1026 1024 16344 363767712.0
epoch 2143 1030 1024 16400 366354144.0
epoch 2144 1045 1024 16492 120770480.0
epoch 2145 534 512 7276 161170624.0
epoch 2146 1052 1024 16624 53144396.0
epoch 2147 1580 2048 27976 117117960.0
epoch 2148 2021 2048 36556 247692112.0
epoch 2149 1548 2048 27708 714013568.0
epoch 2150 1060 1024 16632 290222912.0
epoch 2151 1753 2048 32160 461077120.0
epoch 2152 561 512 7576 468104320.0
epoch 2153 1836 2048 33096 194221888.0
epoch 2154 2067 2048 37004 329206848.0
epoch 2155 1071 1024 17148 915337856.0
epoch 2156 3044 4096 61088 1014342272.0
epoch 2157 1049 1024 16536 1412838656.0
epoch 2158 1885 2048 34544 1438332032.0
epoch 2159 1840 2048 33548 1319645440.0
epoch 2160 1570 2048 27932 897170240.0
epoch 2161 1998 2048 36168 887602368.0
epoch 2162 1588 2048 28088 1287326976.0
epoch 2163 1046 1024 16536 1283545472.0
epoch 2164 2035 2048 36652 485518176.0
epoch 2165 1038 1024 16456 1229137408.0
epoch 2166 2027 2048 36600 633865600.0
epoch 2167 1035 1024 16428 1138500224.0
epoch 2168 1031 1024 16380 679438976.0
epoch 2169 1039 1024 16460 689329856.0
epoch 2170 3016 4096 60280 1076078848.0
epoch 2171 1538 2048 27548 731185728.0
epoch 2172 529 512 7240 921552704.0
epoch 2173 1039 1024 16460 488776832.0
epoch 2174 1756 2048 32176 493208640.0
epoch 2175 1044 1024 16524 505271744.0
epoch 2176 1938 2048 35164 246850848.0
epoch 2177 1542 2048 27664 636439680.0
epoch 2178 1042 1024 16560 305462848.0
epoch 2179 2056 2048 36908 228884304.0
epoch 2180 1829 2048 33020 285704320.0
epoch 2181 924 1024 14772 718740096.0
epoch 2182 1290 2048 23584 755825792.0
epoch 2183 571 512 7800 562238720.0
epoch 2184 561 512 7576 486427264.0
epoch 2185 1794 2048 32668 162315616.0
epoch 2186 1970 2048 35864 612337536.0
epoch 2187 1026 1024 16284 258732736.0
epoch 2188 1852 2048 33288 572091840.0
epoch 2189 1033 1024 16416 535694272.0
epoch 2190 1041 1024 16500 511592000.0
epoch 2191 822 1024 12732 361353664.0
epoch 2192 1411 2048 25756 330782496.0
epoch 2193 550 512 7424 276978976.0
epoch 2194 551 512 7452 139059488.0
epoch 2195 2091 2048 37372 66920544.0
epoch 2196 2046 2048 36808 177882784.0
epoch 2197 1417 2048 25884 730684032.0
epoch 2198 1801 2048 32776 305093408.0
epoch 2199 1108 1024 17272 166912000.0
epoch 2200 1032 1024 16412 517398336.0
epoch 2201 788 1024 12384 449331872.0
epoch 2202 1098 1024 17208 166846288.0
epoch 2203 1023 1024 16148 209899232.0
epoch 2204 2076 2048 37064 64678160.0
epoch 2205 1033 1024 16360 262002304.0
epoch 2206 2055 2048 36892 239799168.0
epoch 2207 1529 2048 27500 540049280.0
epoch 2208 991 1024 15572 519137856.0
epoch 2209 1848 2048 33240 295237248.0
epoch 2210 1573 2048 27984 333005888.0
epoch 2211 2551 4096 52028 645839616.0
epoch 2212 1802 2048 32808 942922816.0
epoch 2213 1803 2048 32812 943351552.0
epoch 2214 1968 2048 35852 1075585664.0
epoch 2215 1120 1024 18128 1057515072.0
epoch 2216 518 512 7084 1190717824.0
epoch 2217 476 512 6572 1147307392.0
epoch 2218 787 1024 12380 530655040.0
epoch 2219 938 1024 14892 381656160.0
epoch 2220 1039 1024 16460 305593024.0
epoch 2221 2972 4096 59844 845602560.0
epoch 2222 1040 1024 16464 495048000.0
epoch 2223 3081 4096 61480 942350720.0
epoch 2224 1028 1024 16352 807201344.0
epoch 2225 1841 2048 33192 832173120.0
epoch 2226 1727 2048 30908 646053696.0
epoch 2227 1066 1024 16700 769361856.0
epoch 2228 1014 1024 16088 671188864.0
epoch 2229 2095 2048 38140 536008320.0
epoch 2230 1591 2048 28104 524041472.0
epoch 2231 1543 2048 27672 993113408.0
epoch 2232 1092 1024 17376 404846336.0
epoch 2233 991 1024 15820 614011968.0
epoch 2234 1053 1024 16584 449443456.0
epoch 2235 802 1024 12508 345857728.0
epoch 2236 2446 2048 43868 108563488.0
epoch 2237 2111 2048 37588 287091968.0
epoch 2238 1851 2048 33224 579557824.0
epoch 2239 1828 2048 33464 1319343616.0
epoch 2240 1800 2048 32796 1166577920.0
epoch 2241 858 1024 13984 1600364288.0
epoch 2242 1052 1024 16580 722273792.0
epoch 2243 888 1024 14396 728152896.0
epoch 2244 1025 1024 16280 367008960.0
epoch 2245 1775 2048 32396 305765344.0
epoch 2246 1807 2048 32844 392036224.0
epoch 2247 1788 2048 32684 810672768.0
epoch 2248 1545 2048 27680 716581632.0
epoch 2249 941 1024 14976 559832576.0
epoch 2250 1012 1024 16052 313399360.0
epoch 2251 2008 2048 36232 321411488.0
epoch 2252 2159 2048 38416 273690496.0
epoch 2253 1555 2048 27756 781448704.0
epoch 2254 1039 1024 16460 578568576.0
epoch 2255 529 512 7248 852118976.0
epoch 2256 977 1024 15696 501266432.0
epoch 2257 2600 4096 52576 645677312.0
epoch 2258 1081 1024 16888 437063616.0
epoch 2259 2093 2048 37260 298986272.0
epoch 2260 1469 2048 26748 1077536000.0
epoch 2261 1540 2048 27628 672047936.0
epoch 2262 1020 1024 16252 736951616.0
epoch 2263 1559 2048 27804 502700544.0
epoch 2264 2992 4096 60428 1047906688.0
epoch 2265 1809 2048 32856 1079927296.0
epoch 2266 1035 1024 16436 1586804480.0
epoch 2267 1526 2048 27436 903144640.0
epoch 2268 1127 1024 17628 908132864.0
epoch 2269 2509 4096 51516 2104999680.0
epoch 2270 1946 2048 35256 1317615616.0
epoch 2271 1820 2048 32936 915150400.0
epoch 2272 2033 2048 36632 1113537280.0
epoch 2273 1019 1024 16236 1368390912.0
epoch 2274 1817 2048 32908 899472640.0
epoch 2275 1342 2048 24076 1385005312.0
epoch 2276 1945 2048 35240 811966464.0
epoch 2277 1961 2048 35384 800361664.0
epoch 2278 1545 2048 27692 1923118336.0
epoch 2279 1023 1024 16268 1207117312.0
epoch 2280 781 1024 12336 1419668096.0
epoch 2281 570 512 7660 1073726016.0
epoch 2282 1722 2048 31812 640670528.0
epoch 2283 1552 2048 27728 703743232.0
epoch 2284 980 1024 15712 956365568.0
epoch 2285 1502 2048 27080 760775872.0
epoch 2286 1049 1024 16552 615428672.0
epoch 2287 2054 2048 36888 362532096.0
epoch 2288 2586 4096 52408 1476497792.0
epoch 2289 1824 2048 33044 1013766784.0
epoch 2290 1538 2048 27548 1083137024.0
epoch 2291 1776 2048 32524 1138760704.0
epoch 2292 1939 2048 35208 1079930624.0
epoch 2293 1818 2048 32952 890526464.0
epoch 2294 1304 2048 23708 1633521536.0
epoch 2295 2046 2048 36748 380222144.0
epoch 2296 986 1024 15784 934744768.0
epoch 2297 1072 1024 16800 394256544.0
epoch 2298 828 1024 12924 865213184.0
epoch 2299 927 1024 14796 660849664.0
epoch 2300 1784 2048 32576 335559648.0
epoch 2301 793 1024 12448 723431232.0
epoch 2302 1040 1024 16468 473125184.0
epoch 2303 2049 2048 36776 97368160.0
epoch 2304 1041 1024 16496 398005280.0
epoch 2305 2037 2048 36652 130132832.0
epoch 2306 2057 2048 36904 416298880.0
epoch 2307 3470 4096 70984 1130498176.0
epoch 2308 1840 2048 33176 1204082560.0
epoch 2309 2048 2048 36816 956440704.0
epoch 2310 2935 4096 59452 2253497344.0
epoch 2311 1076 1024 16852 2097438976.0
epoch 2312 1554 2048 27740 2043097344.0
epoch 2313 1552 2048 27732 1597120256.0
epoch 2314 1999 2048 36172 1387793920.0
epoch 2315 978 1024 15704 1606746112.0
epoch 2316 1017 1024 16224 878538112.0
epoch 2317 1041 1024 16472 855709632.0
epoch 2318 1051 1024 16564 875253504.0
epoch 2319 1989 2048 36096 394923712.0
epoch 2320 770 1024 12060 871268224.0
epoch 2321 1182 1024 18868 317978432.0
epoch 2322 1801 2048 32800 603051648.0
epoch 2323 1518 2048 27272 461968704.0
epoch 2324 959 1024 15244 453385536.0
epoch 2325 2832 4096 57424 644769536.0
epoch 2326 1435 2048 26028 826518400.0
epoch 2327 1012 1024 16172 872873792.0
epoch 2328 970 1024 15564 478144224.0
epoch 2329 1048 1024 16544 498957632.0
epoch 2330 989 1024 15800 300245024.0
epoch 2331 3090 4096 61576 461721728.0
epoch 2332 1183 2048 21960 1721592960.0
epoch 2333 1003 1024 15952 275656672.0
epoch 2334 2041 2048 36600 393794752.0
epoch 2335 538 512 7336 1223376512.0
epoch 2336 1935 2048 35148 345569056.0
epoch 2337 1804 2048 32828 623806528.0
epoch 2338 1839 2048 34048 1336291072.0
epoch 2339 3138 4096 62216 1433118592.0
epoch 2340 2058 2048 36908 949622656.0
epoch 2341 588 512 7816 1976686080.0
epoch 2342 1965 2048 35464 991044736.0
epoch 2343 1520 2048 27404 1088579584.0
epoch 2344 2024 2048 36572 618131456.0
epoch 2345 2050 2048 36796 553753088.0
epoch 2346 2074 2048 37052 970803200.0
epoch 2347 1984 2048 35984 1391940352.0
epoch 2348 260 256 2972 3131333632.0
epoch 2349 1549 2048 27704 1225478912.0
epoch 2350 277 256 3168 2305803264.0
epoch 2351 998 1024 15868 1049469696.0
epoch 2352 1542 2048 27640 1011888640.0
epoch 2353 2943 4096 59408 959425856.0
epoch 2354 1080 1024 16968 744216000.0
epoch 2355 908 1024 14636 1380826880.0
epoch 2356 2773 2048 52600 568926080.0
epoch 2357 1043 1024 16484 1238825728.0
epoch 2358 1567 2048 27860 902915840.0
epoch 2359 2004 2048 36236 803683584.0
epoch 2360 2549 2048 47956 1228883072.0
epoch 2361 1267 2048 23308 2417934848.0
epoch 2362 1516 2048 27372 1543356672.0
epoch 2363 1437 2048 26024 1717841024.0
epoch 2364 1021 1024 16316 1270881792.0
epoch 2365 1053 1024 16584 900800128.0
epoch 2366 1038 1024 16444 805294720.0
epoch 2367 1098 1024 17196 393419872.0
epoch 2368 575 512 7756 772606656.0
epoch 2369 1048 1024 16544 326569600.0
epoch 2370 1826 2048 32908 253516608.0
epoch 2371 2071 2048 37084 403262432.0
epoch 2372 1071 1024 16784 730595776.0
epoch 2373 1045 1024 16504 486078464.0
epoch 2374 1938 2048 35164 476298368.0
epoch 2375 925 1024 14784 1020087808.0
epoch 2376 2059 2048 36924 260064208.0
epoch 2377 1897 2048 34600 789751936.0
epoch 2378 1558 2048 27800 795842176.0
epoch 2379 1919 2048 34892 746346496.0
epoch 2380 1959 2048 35420 927989632.0
epoch 2381 1024 1024 16360 1714547456.0
epoch 2382 952 1024 14568 725906432.0
epoch 2383 1550 2048 27720 885730688.0
epoch 2384 1097 1024 17020 350221152.0
epoch 2385 1561 2048 27824 371170752.0
epoch 2386 1834 2048 33132 415158528.0
epoch 2387 1439 2048 26060 799828480.0
epoch 2388 1506 2048 27100 318249600.0
epoch 2389 902 1024 14604 991575936.0
epoch 2390 1054 1024 16588 274284448.0
epoch 2391 948 1024 15388 623489792.0
epoch 2392 1033 1024 16360 265993616.0
epoch 2393 1808 2048 32852 263533280.0
epoch 2394 1803 2048 32812 343105792.0
epoch 2395 1063 1024 16732 322533952.0
epoch 2396 2942 4096 59080 908574336.0
epoch 2397 546 512 7388 939286528.0
epoch 2398 1896 2048 34568 380164032.0
epoch 2399 844 1024 12936 675687680.0
epoch 2400 927 1024 14796 334807136.0
epoch 2401 606 512 8140 272673184.0
epoch 2402 1623 2048 28588 112797872.0
epoch 2403 481 512 6384 352183200.0
epoch 2404 1130 1024 17476 86218752.0
epoch 2405 1048 1024 16520 104898432.0
epoch 2406 2076 2048 37064 138728768.0
epoch 2407 1025 1024 16364 582092800.0
epoch 2408 1017 1024 16160 456502144.0
epoch 2409 1035 1024 16428 249195184.0
epoch 2410 1075 1024 16928 115036264.0
epoch 2411 1292 2048 23596 318045632.0
epoch 2412 2339 2048 42292 237708064.0
epoch 2413 1993 2048 36128 347265600.0
epoch 2414 1564 2048 27840 653371520.0
epoch 2415 1544 2048 27676 711802240.0
epoch 2416 2833 4096 57432 1238602240.0
epoch 2417 1811 2048 32864 1148532864.0
epoch 2418 996 1024 15932 1487495424.0
epoch 2419 527 512 7240 1524742016.0
epoch 2420 1822 2048 33032 678361536.0
epoch 2421 1581 2048 28036 397712704.0
epoch 2422 1551 2048 27724 577238656.0
epoch 2423 546 512 7388 908021696.0
epoch 2424 576 512 7704 448522464.0
epoch 2425 1582 2048 28044 163066512.0
epoch 2426 1040 1024 16464 268352864.0
epoch 2427 1560 2048 27784 184823264.0
epoch 2428 1549 2048 27688 175948960.0
epoch 2429 1589 2048 28120 220289408.0
epoch 2430 1203 1024 18644 309293760.0
epoch 2431 1070 1024 16724 235991488.0
epoch 2432 2019 2048 36508 146096864.0
epoch 2433 973 1024 15452 694921792.0
epoch 2434 1017 1024 16224 382949152.0
epoch 2435 536 512 7324 361526272.0
epoch 2436 986 1024 15756 191148400.0
epoch 2437 1025 1024 16280 219722752.0
epoch 2438 1555 2048 27756 92858648.0
epoch 2439 1959 2048 35420 183043296.0
epoch 2440 1045 1024 16528 201204288.0
epoch 2441 1061 1024 16636 167908704.0
epoch 2442 1476 2048 26424 67577448.0
epoch 2443 1353 2048 24328 235433056.0
epoch 2444 544 512 7404 430741152.0
epoch 2445 1751 2048 32124 353737536.0
epoch 2446 1560 2048 27784 188368272.0
epoch 2447 2032 2048 36624 62989232.0
epoch 2448 1071 1024 16812 207420320.0
epoch 2449 1954 2048 34804 31067838.0
epoch 2450 1599 2048 28220 345792096.0
epoch 2451 1032 1024 16412 588529024.0
epoch 2452 1598 2048 28180 112990136.0
epoch 2453 1771 2048 32364 742062016.0
epoch 2454 1048 1024 16544 260911744.0
epoch 2455 1876 2048 34412 318483584.0
epoch 2456 1057 1024 16632 168999728.0
epoch 2457 1904 2048 34704 322158848.0
epoch 2458 312 256 3548 873749888.0
epoch 2459 991 1024 15880 396719488.0
epoch 2460 923 1024 14764 452435264.0
epoch 2461 2061 2048 36936 119917976.0
epoch 2462 1688 2048 31104 586155648.0
epoch 2463 1034 1024 16424 611342848.0
epoch 2464 2153 2048 38348 149674240.0
epoch 2465 1028 1024 16364 979165568.0
epoch 2466 1515 2048 27368 857433600.0
epoch 2467 1039 1024 16460 644867200.0
epoch 2468 1436 2048 26044 724530560.0
epoch 2469 1073 1024 16920 560514816.0
epoch 2470 1544 2048 27676 552511744.0
epoch 2471 575 512 7780 605771264.0
epoch 2472 801 1024 12504 329855008.0
epoch 2473 1061 1024 16664 131692448.0
epoch 2474 909 1024 14640 367403904.0
epoch 2475 780 1024 12332 273304960.0
epoch 2476 1862 2048 33532 44640824.0
epoch 2477 1516 2048 27372 247324096.0
epoch 2478 991 1024 15868 201646752.0
epoch 2479 1571 2048 27916 255858208.0
epoch 2480 1550 2048 27720 331864096.0
epoch 2481 1813 2048 32792 289573952.0
epoch 2482 1772 2048 32492 519018080.0
epoch 2483 1023 1024 16268 430018240.0
epoch 2484 1580 2048 28036 218751584.0
epoch 2485 1046 1024 16508 232600736.0
epoch 2486 1562 2048 27820 274315072.0
epoch 2487 1508 2048 27292 340469184.0
epoch 2488 1554 2048 27740 134220512.0
epoch 2489 1514 2048 26940 345218816.0
epoch 2490 1801 2048 32800 210098160.0
epoch 2491 1035 1024 16428 225989152.0
epoch 2492 2129 2048 37980 17317284.0
epoch 2493 2009 2048 36264 324788064.0
epoch 2494 1053 1024 16584 356051776.0
epoch 2495 1998 2048 36168 256966752.0
epoch 2496 2354 2048 44488 520637664.0
epoch 2497 1742 2048 31816 962785472.0
epoch 2498 1073 1024 16808 565411200.0
epoch 2499 944 1024 14936 591101696.0
epoch 2500 1673 2048 30920 521168448.0