0 (104, 64, 784)
1 (297, 256, 3336)
2 (142, 128, 1276)
3 (339, 256, 3848)
4 (308, 256, 3432)
5 (295, 256, 3372)
6 (239, 128, 2428)
7 (698, 1024, 11320)
8 (407, 512, 5520)
9 (347, 256, 4012)
10 (583, 512, 7752)
11 (660, 512, 9072)
12 (315, 256, 3564)
13 (502, 512, 6532)
14 (450, 512, 5868)
15 (276, 128, 2744)
16 (392, 256, 4456)
17 (436, 512, 5792)
18 (562, 512, 7532)
19 (274, 256, 3040)
20 (392, 256, 4456)
21 (391, 512, 5180)
22 (365, 512, 4912)
23 (274, 256, 2972)
24 (242, 128, 2564)
25 (547, 512, 7404)
26 (246, 128, 2512)
27 (310, 256, 3452)
28 (656, 512, 8996)
29 (566, 512, 7556)
30 (925, 1024, 14784)
31 (264, 256, 3004)
32 (342, 256, 3948)
33 (438, 512, 5804)
34 (322, 256, 3612)
35 (495, 512, 6652)
36 (424, 256, 5200)
37 (250, 128, 2508)
38 (295, 256, 3348)
39 (337, 256, 3920)
40 (370, 256, 4444)
41 (175, 128, 1652)
42 (485, 512, 6632)
43 (252, 128, 2556)
44 (244, 128, 2464)
45 (303, 256, 3452)
46 (332, 256, 4120)
47 (313, 256, 3648)
48 (242, 256, 2620)
49 (509, 512, 7024)
50 (157, 128, 1424)
51 (282, 256, 3232)
52 (267, 256, 3068)
53 (310, 256, 3500)
54 (337, 256, 3920)
55 (297, 256, 3360)
56 (377, 256, 4552)
57 (288, 256, 3276)
58 (207, 128, 2016)
59 (381, 256, 4704)
60 (346, 256, 4232)
61 (605, 512, 8432)
62 (428, 256, 4936)
63 (273, 256, 2940)
64 (1356, 1024, 21320)
65 (631, 512, 8296)
68 (655, 512, 9036)
69 (440, 256, 5348)
70 (987, 1024, 14920)
71 (538, 512, 7084)
72 (269, 256, 3116)
73 (490, 512, 6428)
74 (292, 256, 3296)
75 (693, 512, 9404)
76 (1069, 1024, 16776)
77 (699, 512, 9476)
78 (574, 512, 7692)
79 (326, 256, 3644)
80 (365, 256, 4168)
81 (1060, 1024, 16344)
82 (1420, 1024, 22344)
83 (1167, 1024, 18764)
84 (708, 512, 10064)
85 (712, 512, 9400)
86 (910, 1024, 13900)
87 (748, 512, 10120)
88 (373, 256, 4280)
89 (919, 1024, 13876)
90 (967, 1024, 14876)
91 (560, 512, 7512)
92 (643, 512, 8588)
97 (1478, 2048, 26136)
98 (854, 1024, 13208)
99 (820, 512, 11480)
100 (532, 512, 6904)
101 (786, 512, 10636)
102 (1368, 2048, 24540)
103 (1209, 1024, 18684)
104 (988, 1024, 15048)
105 (999, 1024, 15708)
106 (1464, 2048, 25592)
107 (470, 512, 6140)
108 (596, 512, 8076)
109 (886, 1024, 14288)
110 (1045, 1024, 16504)
111 (713, 1024, 11112)
112 (1608, 2048, 28280)
113 (643, 512, 8780)
114 (2114, 2048, 37516)
115 (760, 1024, 11744)
116 (1596, 2048, 28348)
117 (1323, 2048, 23868)
118 (490, 512, 6504)
119 (298, 256, 3340)
120 (541, 512, 7352)
121 (1391, 2048, 24720)
122 (1041, 1024, 16472)
123 (770, 512, 11164)
124 (780, 1024, 12272)
125 (785, 512, 11376)
126 (1025, 1024, 16280)
127 (1770, 2048, 30596)
128 (545, 512, 7440)
129 (1608, 2048, 28448)
130 (1976, 2048, 35064)
131 (1044, 1024, 16524)
132 (976, 1024, 15692)
133 (794, 1024, 12428)
134 (807, 1024, 12572)
135 (1060, 1024, 16648)
136 (339, 256, 3932)
137 (459, 512, 6156)
138 (917, 1024, 14720)
139 (576, 512, 7884)
140 (747, 1024, 11804)
141 (576, 512, 7712)
142 (319, 256, 3596)
143 (679, 512, 9308)
144 (353, 256, 4056)
145 (553, 512, 7520)
146 (1111, 1024, 17564)
147 (1051, 1024, 16572)
148 (1028, 1024, 16380)
149 (613, 512, 8276)
150 (999, 1024, 15932)
151 (1554, 2048, 27740)
152 (792, 1024, 12444)
153 (787, 1024, 12380)
154 (483, 512, 6620)
155 (1046, 1024, 16508)
156 (547, 512, 7392)
157 (293, 256, 3360)
158 (664, 512, 9628)
159 (526, 512, 7084)
160 (840, 1024, 13084)
161 (586, 512, 7804)
162 (704, 512, 10008)
163 (544, 512, 7376)
164 (1042, 1024, 16476)
165 (987, 1024, 15788)
166 (432, 512, 5772)
167 (292, 256, 3296)
168 (830, 1024, 12812)
169 (422, 512, 5612)
170 (774, 1024, 12092)
171 (930, 1024, 14812)
172 (1041, 1024, 16472)
173 (1048, 1024, 16520)
174 (844, 1024, 13116)
175 (679, 512, 9432)
176 (915, 1024, 14684)
177 (496, 512, 6908)
178 (1054, 1024, 16588)
179 (667, 512, 9136)
180 (1072, 1024, 17152)
181 (529, 512, 7248)
182 (917, 1024, 14188)
183 (860, 1024, 13968)
184 (481, 512, 6608)
185 (581, 512, 7768)
186 (326, 256, 3644)
187 (1136, 1024, 17940)
188 (754, 1024, 11928)
189 (677, 1024, 10736)
190 (829, 1024, 12808)
191 (356, 256, 4084)
192 (1075, 1024, 16940)
193 (1061, 1024, 16720)
194 (1030, 1024, 16376)
195 (1740, 2048, 31804)
196 (1359, 2048, 24408)
197 (941, 1024, 14968)
198 (666, 1024, 10656)
199 (540, 512, 7328)