epoch 1 126 128 1188 28540570.0
epoch 2 134 64 1060 2506179.5
epoch 3 353 256 4056 3644852.0
epoch 4 211 128 2132 1665334.25
epoch 5 658 512 8812 19077644.0
epoch 6 470 512 6084 5989369.0
epoch 7 316 256 3568 2771249.75
epoch 8 672 512 9176 6431323.5
epoch 9 391 512 5208 5301054.0
epoch 10 913 1024 14672 22510090.0
epoch 11 563 512 7588 15357576.0
epoch 12 329 256 3672 7867197.0
epoch 13 366 256 4232 5508480.0
epoch 14 428 512 5740 6711816.0
epoch 15 483 512 6620 8298434.5
epoch 16 647 512 8924 9807609.0
epoch 17 505 512 6880 9749648.0
epoch 18 407 256 4988 6430423.0
epoch 19 476 512 6556 5070964.0
epoch 20 667 512 9140 10359983.0
epoch 21 690 512 9884 19475950.0
epoch 22 342 256 4200 8487136.0
epoch 23 418 512 5564 6938373.0
epoch 24 1180 1024 18884 26149044.0
epoch 25 509 512 7024 25248804.0
epoch 26 371 512 5012 12498112.0
epoch 27 559 512 7564 13468786.0
epoch 28 298 256 3340 6439350.5
epoch 29 855 1024 13212 19860690.0
epoch 30 346 256 3980 7514192.0
epoch 31 532 512 7292 8314444.5
epoch 32 308 256 3500 6308592.0
epoch 33 627 512 9116 8355246.0
epoch 34 559 512 7588 9444440.0
epoch 35 1022 1024 16264 40258468.0
epoch 36 540 512 7320 14065708.0
epoch 37 315 256 3564 7806009.0
epoch 38 571 512 7676 7763868.0
epoch 39 320 256 3724 7617000.0
epoch 40 1034 1024 16432 20413200.0
epoch 41 405 256 4992 8622841.0
epoch 42 1044 1024 16488 26368028.0
epoch 43 647 512 8972 13858195.0
epoch 44 1017 1024 16104 33846496.0
epoch 45 537 512 7328 17002112.0
epoch 46 283 256 3212 10460408.0
epoch 47 1031 1024 16408 23100648.0
epoch 48 539 512 7340 16725106.0
epoch 49 1499 2048 27052 101235408.0
epoch 50 524 512 7212 34815252.0
epoch 51 793 1024 12448 35826744.0
epoch 52 880 1024 13836 33097984.0
epoch 53 811 1024 12652 27734682.0
epoch 54 775 512 11260 29244436.0
epoch 55 344 256 4044 13527262.0
epoch 56 818 1024 12700 13989078.0
epoch 57 420 512 5684 13856726.0
epoch 58 629 512 8744 9707194.0
epoch 59 537 512 7304 9644194.0
epoch 60 872 1024 13408 12198602.0
epoch 61 1039 1024 16460 29218542.0
epoch 62 911 1024 14664 46122480.0
epoch 63 1033 1024 16416 39427924.0
epoch 64 987 1024 15788 37742260.0
epoch 65 885 1024 14368 53410600.0
epoch 66 531 512 7260 22851852.0
epoch 67 783 512 11340 19843480.0
epoch 68 1763 2048 32060 188193536.0
epoch 69 545 512 7444 80592112.0
epoch 70 931 1024 14828 47072544.0
epoch 71 778 512 11304 51394128.0
epoch 72 762 1024 11980 34248748.0
epoch 73 672 512 9680 28091880.0
epoch 74 518 512 6972 14462151.0
epoch 75 1033 1024 16416 41597168.0
epoch 76 793 1024 12448 44454868.0
epoch 77 305 256 3472 19932638.0
epoch 78 524 512 7212 14616734.0
epoch 79 543 512 7372 11476535.0
epoch 80 610 512 8232 10578133.0
epoch 81 304 256 3468 7675943.0
epoch 82 924 1024 14744 13242775.0
epoch 83 1160 1024 18716 39118380.0
epoch 84 1005 1024 16112 88688720.0
epoch 85 1076 1024 17692 68539392.0
epoch 86 358 256 4332 42636920.0
epoch 87 531 512 7260 24279688.0
epoch 88 1041 1024 16472 30264616.0
epoch 89 1050 1024 16556 37694472.0
epoch 90 1022 1024 16264 63674332.0
epoch 91 563 512 7624 40109968.0
epoch 92 476 512 6572 25026738.0
epoch 93 293 256 3316 16631589.0
epoch 94 540 512 7404 13378272.0
epoch 95 794 1024 12456 23833654.0
epoch 96 536 512 7324 15554390.0
epoch 97 611 512 8428 10218757.0
epoch 98 1164 1024 18232 23491264.0
epoch 99 519 512 7004 20651288.0
epoch 100 909 1024 14144 27823196.0
epoch 101 475 512 6540 23102524.0
epoch 102 987 1024 15788 34061372.0
epoch 103 1021 1024 16256 46645036.0
epoch 104 525 512 7220 35386672.0
epoch 105 985 1024 15500 39676424.0
epoch 106 795 1024 12460 32743280.0
epoch 107 778 512 11304 27849432.0
epoch 108 572 512 7680 18881316.0
epoch 109 823 1024 12740 25330660.0
epoch 110 1004 1024 15984 32658780.0
epoch 111 787 1024 12380 42737540.0
epoch 112 535 512 7292 28990740.0
epoch 113 724 512 10592 16281403.0
epoch 114 1042 1024 16504 26524712.0
epoch 115 597 512 8084 23721368.0
epoch 116 587 512 7980 17807308.0
epoch 117 543 512 7372 13246334.0
epoch 118 815 1024 12684 21833020.0
epoch 119 1051 1024 16572 33062620.0
epoch 120 516 512 7072 26920158.0
epoch 121 964 1024 15340 15469020.0
epoch 122 856 1024 13192 18318206.0
epoch 123 808 1024 12636 40602356.0
epoch 124 875 1024 13800 41432208.0
epoch 125 1043 1024 16492 34722940.0
epoch 126 1148 1024 18108 49797184.0
epoch 127 315 256 3564 36378856.0
epoch 128 1066 1024 16872 39037536.0
epoch 129 1299 2048 23644 156132672.0
epoch 130 1045 1024 16504 47672728.0
epoch 131 547 512 7396 41940160.0
epoch 132 1535 2048 27532 88322944.0
epoch 133 1027 1024 16348 63624388.0
epoch 134 921 1024 14752 70355504.0
epoch 135 907 1024 14632 86897008.0
epoch 136 325 256 3664 41191468.0
epoch 137 809 1024 12640 33044470.0
epoch 138 567 512 7644 30278694.0
epoch 139 1072 1024 16820 29940988.0
epoch 140 1053 1024 16584 68608928.0
epoch 141 1568 2048 27920 69249960.0
epoch 142 1333 2048 23992 136346576.0
epoch 143 977 1024 15700 108982616.0
epoch 144 944 1024 14992 66572148.0
epoch 145 1039 1024 16460 59798092.0
epoch 146 915 1024 14684 69296712.0
epoch 147 890 1024 13928 61303032.0
epoch 148 1802 2048 32808 204907280.0
epoch 149 566 512 7640 96412576.0
epoch 150 1439 2048 26060 157841728.0
epoch 151 1067 1024 16876 98871600.0
epoch 152 983 1024 15740 101236048.0
epoch 153 1172 1024 18828 112917656.0
epoch 154 1265 1024 20248 83907720.0
epoch 155 792 1024 12444 138098544.0
epoch 156 981 1024 15720 107056672.0
epoch 157 1439 2048 26060 198764768.0
epoch 158 811 1024 12592 83807008.0
epoch 159 1064 1024 16680 70255448.0
epoch 160 467 512 6488 117148592.0
epoch 161 1009 1024 16144 63929496.0
epoch 162 1807 2048 32844 317085056.0
epoch 163 1560 2048 27820 357827712.0
epoch 164 532 512 7264 188326272.0
epoch 165 1903 2048 34700 344794432.0
epoch 166 1547 2048 27692 442978880.0
epoch 167 788 512 11404 279711552.0
epoch 168 551 512 7440 135348800.0
epoch 169 1072 1024 17164 147737216.0
epoch 170 782 1024 12352 115085824.0
epoch 171 1042 1024 16476 85512176.0
epoch 172 1039 1024 16460 76400176.0
epoch 173 1045 1024 16528 70580368.0
epoch 174 1136 1024 17936 67457600.0
epoch 175 1038 1024 16456 78907376.0
epoch 176 1828 2048 33064 222958720.0
epoch 177 1280 1024 20376 120598800.0
epoch 178 1047 1024 16540 108575496.0
epoch 179 1088 1024 17132 87508160.0
epoch 180 1764 2048 31272 215446160.0
epoch 181 1032 1024 16412 161447040.0
epoch 182 1027 1024 16348 123745664.0
epoch 183 1822 2048 32972 235501840.0
epoch 184 1671 2048 29468 198223968.0
epoch 185 1489 2048 26960 279951072.0
epoch 186 1051 1024 16572 154381920.0
epoch 187 1055 1024 16620 121952296.0
epoch 188 567 512 7740 95615552.0
epoch 189 1085 1024 17080 105363200.0
epoch 190 1943 2048 35228 214119984.0
epoch 191 956 1024 15108 125939792.0
epoch 192 561 512 7576 99244352.0
epoch 193 604 512 8008 60303448.0
epoch 194 917 1024 14200 65760008.0
epoch 195 1081 1024 16888 59917740.0
epoch 196 990 1024 15840 61942960.0
epoch 197 608 512 8152 57794064.0
epoch 198 1014 1024 16172 68090640.0
epoch 199 970 1024 15276 71433416.0
epoch 200 984 1024 15744 44963864.0
epoch 201 1083 1024 17260 55462676.0
epoch 202 1947 2048 35260 194158688.0
epoch 203 1810 2048 32860 350400000.0
epoch 204 1824 2048 32996 292784256.0
epoch 205 1038 1024 16456 244353504.0
epoch 206 1011 1024 16044 152562752.0
epoch 207 2038 2048 36696 196140832.0
epoch 208 619 512 8316 179130080.0
epoch 209 1470 2048 25996 118943184.0
epoch 210 1789 2048 32688 225574720.0
epoch 211 1131 1024 17900 160793888.0
epoch 212 602 512 8120 140571616.0
epoch 213 1477 2048 26792 157525440.0
epoch 214 1807 2048 32844 177033104.0
epoch 215 1061 1024 16664 158711936.0
epoch 216 1069 1024 16776 89039520.0
epoch 217 1710 2048 31356 290986944.0
epoch 218 1085 1024 16908 189893456.0
epoch 219 1865 2048 33404 147324480.0
epoch 220 1759 2048 32372 434106752.0
epoch 221 908 1024 14636 355427136.0
epoch 222 1949 2048 35272 262735136.0
epoch 223 1159 1024 18204 167252736.0
epoch 224 1552 2048 27732 345277824.0
epoch 225 2003 2048 36192 307439712.0
epoch 226 1097 1024 17440 150620416.0
epoch 227 1059 1024 16280 335030336.0
epoch 228 748 1024 11644 206416544.0
epoch 229 636 512 8456 156569632.0
epoch 230 2176 2048 40140 225259168.0
epoch 231 1013 1024 16168 218653184.0
epoch 232 424 256 4792 257064544.0
epoch 233 1877 2048 34416 331514240.0
epoch 234 1506 2048 26888 353845696.0
epoch 235 1058 1024 16620 215207264.0
epoch 236 973 1024 15664 232945808.0
epoch 237 1536 2048 27596 313332896.0
epoch 238 2007 2048 36252 250696736.0
epoch 239 1383 2048 25340 438053504.0
epoch 240 1611 2048 28716 527441344.0
epoch 241 1803 2048 32812 385493600.0
epoch 242 1025 1024 16280 304571520.0
epoch 243 1834 2048 33132 387942144.0
epoch 244 1061 1024 16636 255983168.0
epoch 245 1794 2048 32668 409052544.0
epoch 246 1573 2048 27928 320529216.0
epoch 247 979 1024 15708 292156992.0
epoch 248 1043 1024 16508 228907008.0
epoch 249 1502 2048 27080 240069536.0
epoch 250 1454 1024 24204 195447984.0
epoch 251 1028 1024 16364 182346976.0
epoch 252 1737 2048 31944 410287328.0
epoch 253 1108 1024 17176 193000336.0
epoch 254 1882 2048 34472 283474112.0
epoch 255 1551 2048 27724 320337056.0
epoch 256 1041 1024 16472 288854400.0
epoch 257 1038 1024 16456 197676768.0
epoch 258 1119 1024 18124 173113072.0
epoch 259 1935 2048 35148 206389600.0
epoch 260 1950 2048 34828 417124768.0
epoch 261 867 1024 13176 318735296.0
epoch 262 1561 2048 27872 340762976.0
epoch 263 1463 2048 26332 399094304.0
epoch 264 1026 1024 16284 194996336.0
epoch 265 1649 2048 30732 985913024.0
epoch 266 1300 2048 23648 511843456.0
epoch 267 1065 1024 16696 345443904.0
epoch 268 1564 2048 27832 236610240.0
epoch 269 1999 2048 36172 427293440.0
epoch 270 954 1024 15096 330835072.0
epoch 271 1559 2048 27804 283643200.0
epoch 272 229 256 2528 237069056.0
epoch 273 905 1024 14620 174809632.0
epoch 274 1587 2048 28444 227776256.0
epoch 275 1992 2048 36124 634939136.0
epoch 276 2050 2048 36828 411527936.0
epoch 277 1632 2048 29068 643201408.0
epoch 278 1800 2048 32796 579800256.0
epoch 279 1914 2048 34472 447694784.0
epoch 280 1026 1024 16284 288884576.0
epoch 281 2026 2048 36592 377217472.0
epoch 282 1870 2048 33640 318202304.0
epoch 283 1774 2048 32332 757255040.0
epoch 284 1042 1024 16476 252105088.0
epoch 285 3028 4096 60812 1542274560.0
epoch 286 973 1024 15664 900403264.0
epoch 287 1094 1024 17052 323967168.0
epoch 288 1402 2048 24828 621854464.0
epoch 289 2125 2048 37960 415179200.0
epoch 290 1169 2048 21836 678175680.0
epoch 291 2089 2048 37240 300915968.0
epoch 292 1878 2048 34424 644088064.0
epoch 293 1922 2048 35056 450681536.0
epoch 294 1171 1024 19804 491750464.0
epoch 295 1956 2048 35320 307434912.0
epoch 296 1044 1024 16524 243677184.0
epoch 297 1515 1024 25324 290889376.0
epoch 298 1480 2048 26472 526649760.0
epoch 299 1551 2048 27724 438319744.0
epoch 300 919 1024 14716 297479872.0
epoch 301 967 1024 15548 191840928.0
epoch 302 604 512 8008 226811008.0
epoch 303 1849 2048 33272 235792176.0
epoch 304 2057 2048 36904 279171008.0
epoch 305 1698 2048 30236 551647232.0
epoch 306 1656 2048 28920 417952352.0
epoch 307 432 512 5712 353777792.0
epoch 308 2038 2048 36752 324216096.0
epoch 309 1102 1024 17228 189540896.0
epoch 310 2021 2048 36348 317527104.0
epoch 311 851 1024 13884 399184128.0
epoch 312 1042 1024 16476 384679552.0
epoch 313 1050 1024 16556 222840704.0
epoch 314 603 512 8364 125422560.0
epoch 315 2006 2048 36220 258668832.0
epoch 316 2627 4096 52820 1545269504.0
epoch 317 1070 1024 16780 467130240.0
epoch 318 1931 2048 35116 353054208.0
epoch 319 1999 2048 36172 617363840.0
epoch 320 1113 1024 17336 365954560.0
epoch 321 1963 2048 35452 252562912.0
epoch 322 1947 2048 35260 338365376.0
epoch 323 1726 2048 31872 713320576.0
epoch 324 543 512 7372 304812992.0
epoch 325 1861 2048 33432 542258304.0
epoch 326 1035 1024 16404 270377824.0
epoch 327 2560 4096 52172 2802735616.0
epoch 328 1772 2048 32492 2301298176.0
epoch 329 1497 2048 27016 1140855808.0
epoch 330 1801 2048 32800 863166464.0
epoch 331 2023 2048 36444 901397696.0
epoch 332 1168 1024 19780 635098496.0
epoch 333 901 1024 14504 459376544.0
epoch 334 930 1024 13972 482888032.0
epoch 335 1978 2048 35704 350615168.0
epoch 336 1387 2048 24700 476947904.0
epoch 337 1004 1024 15912 299305088.0
epoch 338 2035 2048 36644 584396864.0
epoch 339 1964 2048 35400 599776192.0
epoch 340 1859 2048 33756 560988800.0
epoch 341 1059 1024 16628 616150912.0
epoch 342 1832 2048 33064 641665984.0
epoch 343 466 512 6480 512890944.0
epoch 344 1045 1024 16504 212255568.0
epoch 345 1045 1024 16528 262564544.0
epoch 346 913 1024 14672 159416496.0
epoch 347 917 1024 14696 97851200.0
epoch 348 2091 2048 37276 252059504.0
epoch 349 1806 2048 32924 466725888.0
epoch 350 1044 1024 16500 343391296.0
epoch 351 583 512 7932 247031920.0
epoch 352 1831 2048 33032 335385376.0
epoch 353 1903 2048 34812 333420640.0
epoch 354 1898 2048 34784 916257792.0
epoch 355 612 512 8268 683462400.0
epoch 356 1334 2048 24024 440781216.0
epoch 357 1996 2048 36144 475786688.0
epoch 358 1999 2048 35924 446814528.0
epoch 359 1046 1024 16508 314016576.0
epoch 360 1106 1024 17252 137188400.0
epoch 361 2085 2048 37328 166743968.0
epoch 362 2549 4096 52008 877591296.0
epoch 363 1081 1024 16888 371067104.0
epoch 364 2968 4096 59784 1240401920.0
epoch 365 1003 1024 15980 639196352.0
epoch 366 1830 2048 33028 414268960.0
epoch 367 1896 2048 32888 363227008.0
epoch 368 1883 2048 34476 994071232.0
epoch 369 524 512 7212 539037440.0
epoch 370 1865 2048 34332 759001984.0
epoch 371 2179 2048 38668 323581184.0
epoch 372 1810 2048 32860 530279008.0
epoch 373 920 1024 14720 306483072.0
epoch 374 1607 2048 28444 199319632.0
epoch 375 1689 2048 29668 225846400.0
epoch 376 900 1024 13688 217871504.0
epoch 377 1519 2048 27220 217742208.0
epoch 378 1039 1024 16460 104688528.0
epoch 379 1955 2048 34892 259980416.0
epoch 380 1882 2048 34444 292236832.0
epoch 381 1176 2048 21872 256526656.0
epoch 382 1040 1024 16468 132817984.0
epoch 383 2039 2048 36576 100910832.0
epoch 384 1220 1024 19288 356323776.0
epoch 385 2078 2048 37076 197216192.0
epoch 386 1013 1024 16180 278713952.0
epoch 387 2092 2048 37256 303384448.0
epoch 388 2817 4096 57264 1365495808.0
epoch 389 733 512 9932 985733248.0
epoch 390 1197 1024 19452 411497824.0
epoch 391 1635 2048 28692 513675008.0
epoch 392 1553 2048 27760 700664192.0
epoch 393 2751 4096 56512 2670711040.0
epoch 394 1048 1024 16544 1372293888.0
epoch 395 876 1024 14188 837066304.0
epoch 396 1137 1024 17608 431547104.0
epoch 397 1054 1024 16588 363705024.0
epoch 398 1942 2048 35196 471983808.0
epoch 399 597 512 8304 336045664.0
epoch 400 2045 2048 36744 273858848.0
epoch 401 618 512 8504 195436800.0
epoch 402 1548 2048 27680 264221008.0
epoch 403 1975 2048 35736 546244736.0
epoch 404 2059 2048 36924 337888448.0
epoch 405 1994 2048 35884 375125248.0
epoch 406 1947 2048 35308 598797824.0
epoch 407 1741 2048 32060 699237120.0
epoch 408 1006 1024 15948 317844160.0
epoch 409 1748 2048 30360 448930400.0
epoch 410 1966 2048 35480 685625792.0
epoch 411 850 1024 13148 346779072.0
epoch 412 1922 2048 35056 385244480.0
epoch 413 2062 2048 36940 443252480.0
epoch 414 1779 2048 32540 737154048.0
epoch 415 1587 2048 28080 433320960.0
epoch 416 2097 2048 37320 398764096.0
epoch 417 1205 1024 19160 567312384.0
epoch 418 1377 2048 25296 613470400.0
epoch 419 1980 2048 35592 324046048.0
epoch 420 1051 1024 16572 199588736.0
epoch 421 1918 2048 35008 484333504.0
epoch 422 1032 1024 16412 206780032.0
epoch 423 1580 2048 27976 483807936.0
epoch 424 1121 1024 17416 188145504.0
epoch 425 566 512 7640 139090592.0
epoch 426 1060 1024 16536 81817072.0
epoch 427 1576 2048 27976 91753072.0
epoch 428 1219 1024 18932 63851240.0
epoch 429 1810 2048 32860 128452256.0
epoch 430 1993 2048 36128 864021248.0
epoch 431 1563 2048 27836 231110080.0
epoch 432 2091 2048 37252 316420608.0
epoch 433 970 1024 14724 352809664.0
epoch 434 604 512 8008 96615488.0
epoch 435 1961 2048 35804 221410464.0
epoch 436 1908 2048 34876 443915328.0
epoch 437 173 128 1560 261862976.0
epoch 438 991 1024 15820 115126176.0
epoch 439 2689 4096 54508 529117920.0
epoch 440 1243 1024 19892 188527040.0
epoch 441 1825 2048 32064 426634912.0
epoch 442 1801 2048 32744 172034176.0
epoch 443 1806 2048 32780 148090800.0
epoch 444 2124 2048 37704 595884032.0
epoch 445 2058 2048 36908 313306624.0
epoch 446 1687 2048 30168 378940736.0
epoch 447 1736 2048 31772 436467072.0
epoch 448 1096 1024 17016 267610464.0
epoch 449 1915 2048 34812 154292896.0
epoch 450 1175 1024 19836 284699264.0
epoch 451 1615 2048 28748 123020240.0
epoch 452 2109 2048 37600 426647488.0
epoch 453 2921 4096 59356 2019656704.0
epoch 454 2059 2048 36916 818113920.0
epoch 455 1509 2048 27152 770340352.0
epoch 456 1943 2048 35228 712102400.0
epoch 457 2425 2048 46224 1453759488.0
epoch 458 2068 2048 36984 1006547648.0
epoch 459 1814 2048 32920 1167590144.0
epoch 460 1185 1024 18992 450658496.0
epoch 461 1692 2048 30204 466383648.0
epoch 462 649 512 8992 303267392.0
epoch 463 1574 2048 27992 157156160.0
epoch 464 1709 2048 31352 361658720.0
epoch 465 780 1024 12332 245639504.0
epoch 466 1532 2048 27480 166481616.0
epoch 467 1834 2048 33144 504016800.0
epoch 468 1122 1024 17300 373359104.0
epoch 469 2071 2048 37028 427460800.0
epoch 470 1046 1024 16536 235358656.0
epoch 471 1122 1024 17816 109659584.0
epoch 472 1269 1024 19932 73550112.0
epoch 473 1058 1024 16620 196137632.0
epoch 474 1553 2048 27736 160293632.0
epoch 475 1113 1024 17584 72971648.0
epoch 476 2614 4096 53072 726590720.0
epoch 477 975 1024 15676 554700544.0
epoch 478 2726 4096 56224 2475949568.0
epoch 479 1939 2048 35168 1227366656.0
epoch 480 1833 2048 33080 909546176.0
epoch 481 1777 2048 32528 490110912.0
epoch 482 2362 4096 48620 1559577728.0
epoch 483 1759 2048 32384 1066592448.0
epoch 484 1508 2048 26956 727035392.0
epoch 485 1027 1024 16348 320919872.0
epoch 486 1900 2048 33928 232226112.0
epoch 487 1490 2048 26964 204714288.0
epoch 488 1930 2048 34604 230237536.0
epoch 489 1992 2048 36124 407176864.0
epoch 490 1978 2048 35572 315485376.0
epoch 491 1814 2048 32920 883740288.0
epoch 492 1053 1024 16584 385881920.0
epoch 493 1055 1024 16620 221290176.0
epoch 494 2107 2048 37756 598970112.0
epoch 495 2800 4096 57100 1809984512.0
epoch 496 968 1024 15388 912579328.0
epoch 497 1935 2048 35148 692780032.0
epoch 498 1819 2048 32932 874603136.0
epoch 499 1578 2048 27964 415716992.0
epoch 500 2013 2048 36344 754334592.0
epoch 501 1557 2048 27792 596894080.0
epoch 502 861 1024 13504 462351168.0
epoch 503 1829 2048 33048 443627360.0
epoch 504 1598 2048 28552 372728064.0
epoch 505 1458 2048 26268 336659392.0
epoch 506 1110 1024 17308 211497712.0
epoch 507 1360 2048 24400 252854944.0
epoch 508 1066 1024 16748 209471360.0
epoch 509 672 512 9176 191948448.0
epoch 510 981 1024 15756 216592448.0
epoch 511 2026 2048 36584 227227744.0
epoch 512 2317 2048 42056 655045632.0
epoch 513 1330 2048 23964 523222912.0
epoch 514 2661 4096 55084 4127854336.0
epoch 515 1522 2048 27416 1869534976.0
epoch 516 1721 2048 31520 1627417856.0
epoch 517 1449 2048 25632 1218478080.0
epoch 518 1887 2048 34508 1106884864.0
epoch 519 1539 2048 27552 543720320.0
epoch 520 3251 4096 63884 1579069440.0
epoch 521 1815 2048 32840 1902520320.0
epoch 522 1120 1024 17624 710755776.0
epoch 523 3011 4096 60356 967008896.0
epoch 524 1617 2048 28424 836524416.0
epoch 525 1876 2048 32664 531643840.0
epoch 526 1611 2048 28716 994497728.0
epoch 527 807 1024 12548 573468096.0
epoch 528 2014 2048 36300 299932128.0
epoch 529 2064 2048 36976 356819712.0
epoch 530 1832 2048 33064 663046912.0
epoch 531 1049 1024 16552 314309440.0
epoch 532 2066 2048 37000 380256608.0
epoch 533 882 1024 13512 625372992.0
epoch 534 1942 2048 35224 691015488.0
epoch 535 1097 1024 17192 566886848.0
epoch 536 1255 2048 23036 535532544.0
epoch 537 2307 2048 40972 356293984.0
epoch 538 1584 2048 28008 724859136.0
epoch 539 1124 1024 17492 165678880.0
epoch 540 1245 1024 19912 132259008.0
epoch 541 2517 4096 51560 714358336.0
epoch 542 1568 2048 27864 645592320.0
epoch 543 1084 1024 17072 468591968.0
epoch 544 2001 2048 36184 359801024.0
epoch 545 1569 2048 27868 380876672.0
epoch 546 973 1024 15676 464071488.0
epoch 547 1799 2048 32764 317524992.0
epoch 548 1540 2048 27560 447319328.0
epoch 549 1069 1024 16776 238895440.0
epoch 550 1143 1024 17892 153008160.0
epoch 551 861 1024 13256 183866464.0
epoch 552 1047 1024 16540 229769824.0
epoch 553 1134 1024 17928 202384688.0
epoch 554 519 512 6976 150914992.0
epoch 555 2271 2048 41452 152513408.0
epoch 556 2100 2048 37336 187986672.0
epoch 557 1835 2048 33136 384797408.0
epoch 558 2494 4096 51328 1074987136.0
epoch 559 1926 2048 35088 732220160.0
epoch 560 1002 1024 15916 474688096.0
epoch 561 1578 2048 28012 323520128.0
epoch 562 1662 2048 29288 428120480.0
epoch 563 1132 1024 18412 513939584.0
epoch 564 1545 2048 27680 484344736.0
epoch 565 2036 2048 36536 309143616.0
epoch 566 1931 2048 35116 594635648.0
epoch 567 977 1024 15696 331408896.0
epoch 568 2054 2048 36828 501171520.0
epoch 569 1517 2048 27268 644286720.0
epoch 570 1580 2048 28144 606770304.0
epoch 571 1552 2048 27732 1165646976.0
epoch 572 1994 2048 36132 667969024.0
epoch 573 1537 2048 27600 934433664.0
epoch 574 1264 1024 20240 650416448.0
epoch 575 1102 1024 17228 317354624.0
epoch 576 2568 4096 52224 1441202944.0
epoch 577 2056 2048 36896 801173632.0
epoch 578 2072 2048 37032 566162240.0
epoch 579 1932 2048 35132 985513856.0
epoch 580 2801 4096 56088 1731539584.0
epoch 581 1378 2048 25304 1717134080.0
epoch 582 1081 1024 16936 435281024.0
epoch 583 1779 2048 31436 394522400.0
epoch 584 2091 2048 37220 342001216.0
epoch 585 332 256 3716 180141856.0
epoch 586 1963 2048 35452 183971104.0
epoch 587 2470 2048 46680 542375808.0
epoch 588 948 1024 15028 543806464.0
epoch 589 2030 2048 36492 373270560.0
epoch 590 2037 2048 36748 483218432.0
epoch 591 1975 2048 35556 307513344.0
epoch 592 956 1024 15048 333275264.0
epoch 593 847 1024 13036 519150624.0
epoch 594 1605 2048 28348 283448064.0
epoch 595 1984 2048 36044 533036864.0
epoch 596 976 1024 15692 353414976.0
epoch 597 1427 2048 25948 494826368.0
epoch 598 2728 4096 55844 1264028544.0
epoch 599 2819 4096 57308 2548127744.0
epoch 600 1094 1024 17116 1197541632.0
epoch 601 1895 2048 33888 901204864.0
epoch 602 2965 4096 59792 1670456064.0
epoch 603 487 512 6736 1608553728.0
epoch 604 282 256 3208 665858560.0
epoch 605 2060 2048 36932 458517888.0
epoch 606 2045 2048 36648 767474560.0
epoch 607 1770 2048 31292 267654320.0
epoch 608 1223 1024 19316 289158144.0
epoch 609 1594 2048 28156 311359616.0
epoch 610 1951 2048 35284 355911168.0
epoch 611 1108 1024 17356 285858880.0
epoch 612 846 1024 12948 174780944.0
epoch 613 3078 4096 61464 1431240320.0
epoch 614 1582 2048 28044 1948968960.0
epoch 615 1061 1024 16724 669555968.0
epoch 616 1941 2048 35192 663846528.0
epoch 617 1982 2048 35976 467054944.0
epoch 618 2106 2048 37380 1049858112.0
epoch 619 956 1024 15104 250289136.0
epoch 620 2073 2048 37048 338386944.0
epoch 621 1077 1024 16952 447564288.0
epoch 622 1832 2048 33120 540229504.0
epoch 623 2042 2048 36716 382817760.0
epoch 624 2363 2048 42504 1271810304.0
epoch 625 1081 1024 16876 436130208.0
epoch 626 1807 2048 32844 875805952.0
epoch 627 1300 1024 20684 599828352.0
epoch 628 2009 2048 36264 680146048.0
epoch 629 2087 2048 37220 416132096.0
epoch 630 1044 1024 16524 556897600.0
epoch 631 2937 4096 59368 1199208960.0
epoch 632 2514 4096 51552 4307905536.0
epoch 633 716 512 10540 1763448192.0
epoch 634 2300 2048 41916 1989184512.0
epoch 635 1823 2048 32952 1727992320.0
epoch 636 2818 4096 56312 1846895104.0
epoch 637 1917 2048 34824 1730865664.0
epoch 638 935 1024 14876 1554122240.0
epoch 639 1960 2048 35772 808402176.0
epoch 640 1099 1024 17092 711766912.0
epoch 641 2760 4096 56168 1004834944.0
epoch 642 2104 2048 37368 1017263616.0
epoch 643 3054 4096 61192 804860416.0
epoch 644 2081 2048 37128 921295744.0
epoch 645 2677 4096 55328 2164993792.0
epoch 646 1071 1024 16784 1032110464.0
epoch 647 1957 2048 35384 946090624.0
epoch 648 1278 1024 20364 502433472.0
epoch 649 2693 4096 55464 2094377216.0
epoch 650 2083 2048 37112 1180946432.0
epoch 651 763 512 10248 1155057152.0
epoch 652 1036 1024 16444 777672000.0
epoch 653 1807 2048 32844 631517952.0
epoch 654 1066 1024 16700 222289408.0
epoch 655 1939 2048 35168 525963328.0
epoch 656 1312 1024 21720 644099584.0
epoch 657 1769 2048 32448 1607015424.0
epoch 658 1815 2048 32924 2227025920.0
epoch 659 1288 1024 20512 757096448.0
epoch 660 2431 4096 50356 2137906176.0
epoch 661 1822 2048 32972 1170568960.0
epoch 662 930 1024 14812 859945600.0
epoch 663 2050 2048 36852 413574592.0
epoch 664 2064 2048 36952 586548992.0
epoch 665 1559 2048 27804 1315497728.0
epoch 666 2020 2048 36428 458394016.0
epoch 667 1840 2048 34044 1835896832.0
epoch 668 1948 2048 35264 749194752.0
epoch 669 1937 2048 35160 1120053888.0
epoch 670 2908 4096 58564 5993972224.0
epoch 671 3047 4096 61020 3969360384.0
epoch 672 2086 2048 37164 1569175552.0
epoch 673 1919 2048 35012 1371677568.0
epoch 674 1272 1024 20200 848640256.0
epoch 675 2050 2048 36828 822191552.0
epoch 676 2942 4096 59516 2178676992.0
epoch 677 1418 2048 25888 2132947968.0
epoch 678 1790 2048 32648 1671936000.0
epoch 679 1106 1024 17260 1151001600.0
epoch 680 1555 2048 27744 997653440.0
epoch 681 1532 2048 27504 1214827776.0
epoch 682 2801 4096 56088 1045367424.0
epoch 683 1745 2048 32080 1525351936.0
epoch 684 1017 1024 16104 669493696.0
epoch 685 1942 2048 35224 490357120.0
epoch 686 2053 2048 36880 513325696.0
epoch 687 1815 2048 32924 340115232.0
epoch 688 1358 2048 25136 939676480.0
epoch 689 1237 2048 22920 632697344.0
epoch 690 2128 2048 37976 647733120.0
epoch 691 1948 2048 34760 1303240448.0
epoch 692 3149 4096 62284 1564437504.0
epoch 693 1286 2048 23356 1830325760.0
epoch 694 1680 2048 31052 1550488064.0
epoch 695 1058 1024 16620 327637952.0
epoch 696 1637 2048 28700 779331456.0
epoch 697 967 1024 15384 377933024.0
epoch 698 710 512 9752 318670464.0
epoch 699 1837 2048 33160 262096992.0
epoch 700 2001 2048 36208 288497536.0
epoch 701 1060 1024 16660 223016960.0
epoch 702 1556 2048 27704 187785792.0
epoch 703 1018 1024 16108 154230688.0
epoch 704 2074 2048 37052 229784768.0
epoch 705 2596 4096 52556 1298829696.0
epoch 706 1905 2048 34832 1453956224.0
epoch 707 1931 2048 35004 950300416.0
epoch 708 1328 2048 24064 1230518784.0
epoch 709 2072 2048 37040 374839072.0
epoch 710 2680 4096 55440 2616278784.0
epoch 711 2053 2048 36856 1734936064.0
epoch 712 2949 4096 59660 1862623744.0
epoch 713 2917 4096 59296 2445967872.0
epoch 714 1935 2048 35176 2073097600.0
epoch 715 1061 1024 16664 1331199872.0
epoch 716 1598 2048 28180 1769666176.0
epoch 717 501 512 6584 640362112.0
epoch 718 934 1024 14892 318569056.0
epoch 719 1308 2048 23740 364899648.0
epoch 720 2043 2048 36724 290518144.0
epoch 721 2091 2048 37276 417953056.0
epoch 722 2074 2048 37052 1108325120.0
epoch 723 1064 1024 16736 344846400.0
epoch 724 1583 2048 28004 453456192.0
epoch 725 3140 4096 65948 2598397184.0
epoch 726 1807 2048 32844 1043876096.0
epoch 727 1175 1024 18844 569590720.0
epoch 728 2022 2048 36364 315147936.0
epoch 729 2018 2048 36532 664686592.0
epoch 730 1790 2048 32524 583800064.0
epoch 731 3078 4096 61452 1527986944.0
epoch 732 1911 2048 34284 962272000.0
epoch 733 1980 2048 36012 1437004800.0
epoch 734 1759 2048 32204 1277115136.0
epoch 735 2041 2048 36712 454471424.0
epoch 736 2869 4096 58656 5665447936.0
epoch 737 1846 2048 33304 3313819648.0
epoch 738 2073 2048 37048 1225362688.0
epoch 739 1973 2048 35916 1518912000.0
epoch 740 2479 2048 45068 1313771136.0
epoch 741 1483 2048 26620 651028800.0
epoch 742 1939 2048 34452 984125568.0
epoch 743 1054 1024 16588 417971072.0
epoch 744 1997 2048 35912 352099584.0
epoch 745 1690 2048 31144 718167808.0
epoch 746 1725 2048 31496 1352324352.0
epoch 747 1055 1024 16596 665767296.0
epoch 748 550 512 7420 774350336.0
epoch 749 800 1024 12496 333685440.0
epoch 750 2007 2048 36252 609657728.0
epoch 751 1015 1024 16188 479010816.0
epoch 752 2085 2048 37208 443684992.0
epoch 753 1420 2048 25900 2108322304.0
epoch 754 1953 2048 35304 934906880.0
epoch 755 1942 2048 35196 1864695808.0
epoch 756 1058 1024 16620 428029120.0
epoch 757 2055 2048 36892 376154560.0
epoch 758 2795 4096 56044 1480368768.0
epoch 759 550 512 7468 485826304.0
epoch 760 1965 2048 35612 776584384.0
epoch 761 1565 2048 27848 708853696.0
epoch 762 909 1024 14652 764841856.0
epoch 763 1697 2048 31192 712442496.0
epoch 764 1183 1024 18392 485868128.0
epoch 765 1467 2048 26364 604779776.0
epoch 766 949 1024 15392 791004800.0
epoch 767 1033 1024 16416 195843616.0
epoch 768 2089 2048 37240 156834432.0
epoch 769 2007 2048 36256 1207919744.0
epoch 770 1871 2048 33868 897520384.0
epoch 771 1767 2048 32092 643537664.0
epoch 772 2100 2048 37336 796521792.0
epoch 773 1872 2048 33872 745785088.0
epoch 774 1784 2048 32652 1241146624.0
epoch 775 905 1024 14592 779062592.0
epoch 776 1022 1024 16320 647235392.0
epoch 777 1430 2048 25964 402565120.0
epoch 778 2085 2048 37208 269331776.0
epoch 779 1559 2048 27804 455824832.0
epoch 780 1810 2048 32860 1607285504.0
epoch 781 1819 2048 32956 645581504.0
epoch 782 2549 4096 52008 2389096960.0
epoch 783 911 1024 13908 630507520.0
epoch 784 1994 2048 36144 1563211392.0
epoch 785 1062 1024 16728 699359872.0
epoch 786 970 1024 15624 409570208.0
epoch 787 2506 4096 51068 707899264.0
epoch 788 1810 2048 32860 935218560.0
epoch 789 419 512 5596 1212546560.0
epoch 790 938 1024 14948 349551552.0
epoch 791 2036 2048 36536 243837376.0
epoch 792 2422 2048 45532 2442349056.0
epoch 793 2007 2048 36256 1358703488.0
epoch 794 1508 2048 27292 2372257536.0
epoch 795 1530 2048 27496 1049393664.0
epoch 796 1843 2048 34068 770257664.0
epoch 797 1985 2048 35656 566666688.0
epoch 798 548 512 7400 503387264.0
epoch 799 1084 1024 16904 285873728.0
epoch 800 1930 2048 35112 397648928.0
epoch 801 1812 2048 32884 562065920.0
epoch 802 1874 2048 33912 333997376.0
epoch 803 1863 2048 33416 1225293184.0
epoch 804 2002 2048 36188 500136064.0
epoch 805 2070 2048 37020 230647072.0
epoch 806 2059 2048 36924 532529600.0
epoch 807 1141 1024 17628 469955072.0
epoch 808 1970 2048 35500 344194368.0
epoch 809 1545 2048 27680 588681216.0
epoch 810 2506 2048 47400 571706880.0
epoch 811 1996 2048 36156 669825280.0
epoch 812 1105 1024 17520 273969472.0
epoch 813 1022 1024 16140 174348736.0
epoch 814 1783 2048 32600 297321248.0
epoch 815 2070 2048 37020 133618280.0
epoch 816 943 1024 14988 256858912.0
epoch 817 2981 4096 60324 982650880.0
epoch 818 838 1024 12868 1248736512.0
epoch 819 2757 4096 56544 1781413376.0
epoch 820 1319 2048 23808 803623168.0
epoch 821 1050 1024 16556 346994816.0
epoch 822 1997 2048 36160 240569776.0
epoch 823 1975 2048 35556 377786688.0
epoch 824 2701 4096 55600 2106522112.0
epoch 825 1975 2048 35676 802169600.0
epoch 826 1544 2048 27676 739385728.0
epoch 827 1800 2048 32772 330441504.0
epoch 828 2190 2048 38740 1089202944.0
epoch 829 2459 4096 50604 1666368256.0
epoch 830 1808 2048 32848 1144567936.0
epoch 831 2250 2048 43296 1007358720.0
epoch 832 1702 2048 29788 1916952320.0
epoch 833 1611 2048 28476 979683584.0
epoch 834 1072 1024 16792 548690944.0
epoch 835 1933 2048 34632 336808192.0
epoch 836 2491 4096 50940 2487427584.0
epoch 837 1036 1024 16432 656828864.0
epoch 838 1761 2048 32216 998234752.0
epoch 839 1417 1024 23840 322929088.0
epoch 840 2035 2048 36640 528397216.0
epoch 841 2569 2048 46136 213141616.0
epoch 842 1814 2048 32892 695121792.0
epoch 843 1732 2048 31716 1137063424.0
epoch 844 1167 1024 18256 477864576.0
epoch 845 1559 2048 27804 316411200.0
epoch 846 1549 2048 27712 373293824.0
epoch 847 2508 4096 51500 2379906048.0
epoch 848 2020 2048 36344 1206112640.0
epoch 849 1924 2048 34996 386523136.0
epoch 850 2539 4096 51772 1994363904.0
epoch 851 840 1024 13084 757179904.0
epoch 852 974 1024 15680 441234752.0
epoch 853 1969 2048 35856 871978624.0
epoch 854 1928 2048 35100 1519407104.0
epoch 855 592 512 7848 1268662784.0
epoch 856 2026 2048 36584 838662016.0
epoch 857 3055 4096 61100 1024864320.0
epoch 858 1041 1024 16472 500993056.0
epoch 859 922 1024 14744 615273600.0
epoch 860 2061 2048 36932 295652160.0
epoch 861 1943 2048 35228 688576320.0
epoch 862 2606 4096 52620 1492310272.0
epoch 863 1869 2048 34352 1184848512.0
epoch 864 2962 4096 59740 1102984064.0
epoch 865 1958 2048 35356 566865792.0
epoch 866 2003 2048 36204 951280448.0
epoch 867 3003 4096 60524 5776102912.0
epoch 868 1935 2048 35176 3673708800.0
epoch 869 2320 2048 44112 2667338752.0
epoch 870 1149 1024 18608 1602232576.0
epoch 871 3307 4096 68324 3513102592.0
epoch 872 780 1024 11912 3638380032.0
epoch 873 1948 2048 35268 1319135872.0
epoch 874 1746 2048 31836 1413366784.0
epoch 875 2089 2048 37240 1135115648.0
epoch 876 2013 2048 36296 510990880.0
epoch 877 1304 1024 20656 252424896.0
epoch 878 2578 4096 52340 1091107072.0
epoch 879 1891 2048 34712 10927933440.0
epoch 880 802 1024 12508 6816056320.0
epoch 881 1421 2048 25904 6593468416.0
epoch 882 817 1024 12696 2729516032.0
epoch 883 1459 2048 26648 2831954944.0
epoch 884 1062 1024 16728 2371003904.0
epoch 885 703 1024 11020 1544800128.0
epoch 886 1806 2048 32840 941976512.0
epoch 887 1838 2048 33164 620080384.0
epoch 888 1604 2048 28248 521343072.0
epoch 889 1454 2048 26248 585146624.0
epoch 890 2064 2048 36952 627769216.0
epoch 891 1467 2048 26536 384875200.0
epoch 892 1998 2048 36168 392198912.0
epoch 893 1884 2048 33736 379983136.0
epoch 894 1938 2048 35176 699430208.0
epoch 895 2063 2048 36948 416429728.0
epoch 896 2815 4096 57276 1627694592.0
epoch 897 1928 2048 35100 1829984384.0
epoch 898 2039 2048 36700 1637730560.0
epoch 899 2598 4096 52568 2309285376.0
epoch 900 2000 2048 36204 966153600.0
epoch 901 2050 2048 36856 2434769408.0
epoch 902 1403 2048 25704 2092996096.0
epoch 903 1531 2048 27364 2360568320.0
epoch 904 935 1024 14852 1049790528.0
epoch 905 3143 4096 62132 1367127680.0
epoch 906 954 1024 15084 780406272.0
epoch 907 1928 2048 35100 1125243392.0
epoch 908 1918 2048 34828 1240047744.0
epoch 909 797 1024 12528 904997888.0
epoch 910 1688 2048 29368 838946880.0
epoch 911 1859 2048 33420 367531648.0
epoch 912 2055 2048 36892 210987200.0
epoch 913 1928 2048 35072 349988608.0
epoch 914 1835 2048 33148 317956672.0
epoch 915 1977 2048 35576 204476672.0
epoch 916 1780 2048 32376 950195456.0
epoch 917 2988 4096 59528 655138880.0
epoch 918 1189 1024 18520 410086848.0
epoch 919 999 1024 15708 343974112.0
epoch 920 1998 2048 35436 214854512.0
epoch 921 648 512 8616 1008285824.0
epoch 922 1741 2048 31752 395720416.0
epoch 923 2055 2048 36892 697387072.0
epoch 924 864 1024 14028 1738751872.0
epoch 925 1513 2048 27356 1421420800.0
epoch 926 2868 4096 57784 3928393728.0
epoch 927 1993 2048 36128 2623782400.0
epoch 928 1163 1024 19724 1589800704.0
epoch 929 1580 2048 28032 915800576.0
epoch 930 1807 2048 32844 738655104.0
epoch 931 2053 2048 36760 492387456.0
epoch 932 3661 4096 73548 1725057536.0
epoch 933 1146 1024 17668 1349482496.0
epoch 934 2052 2048 36876 648814720.0
epoch 935 2757 4096 56556 2807605248.0
epoch 936 1178 2048 21920 1921589504.0
epoch 937 1589 2048 28092 790012032.0
epoch 938 1435 2048 26012 885942080.0
epoch 939 1661 2048 29320 594669056.0
epoch 940 1031 1024 16408 375559808.0
epoch 941 2457 2048 46504 527826880.0
epoch 942 936 1024 14880 1209081344.0
epoch 943 1870 2048 33612 605629376.0
epoch 944 1167 1024 18260 992406784.0
epoch 945 1326 2048 24052 506241088.0
epoch 946 2033 2048 36632 452704352.0
epoch 947 1836 2048 33096 902518976.0
epoch 948 1043 1024 16492 235080832.0
epoch 949 1315 2048 23780 213906016.0
epoch 950 1598 2048 28180 72972680.0
epoch 951 1910 2048 34776 696382080.0
epoch 952 2027 2048 36588 817304192.0
epoch 953 1824 2048 32984 439361344.0
epoch 954 1963 2048 35564 360492256.0
epoch 955 1940 2048 35212 708230912.0
epoch 956 1382 2048 24616 363905280.0
epoch 957 2323 2048 41164 394131936.0
epoch 958 1125 1024 17496 560776448.0
epoch 959 1137 1024 17608 387292992.0
epoch 960 1796 2048 32736 841861056.0
epoch 961 1536 2048 27596 1407922048.0
epoch 962 1237 1024 20840 1106752256.0
epoch 963 1971 2048 35868 1875139840.0
epoch 964 1511 2048 27344 2068864256.0
epoch 965 1935 2048 35148 1503891968.0
epoch 966 1341 2048 24072 1485649792.0
epoch 967 2036 2048 36684 914769280.0
epoch 968 2048 2048 36760 1743459456.0
epoch 969 1678 2048 31040 1759664640.0
epoch 970 1039 1024 16460 1047948672.0
epoch 971 1990 2048 36112 807045376.0
epoch 972 2570 4096 52264 2278347776.0
epoch 973 1533 2048 27520 1065967232.0
epoch 974 1749 2048 32128 1306067712.0
epoch 975 1525 2048 27308 849840768.0
epoch 976 3020 4096 60732 1561287168.0
epoch 977 2047 2048 36812 1849371648.0
epoch 978 1949 2048 35272 1011670784.0
epoch 979 1836 2048 33264 1777991680.0
epoch 980 1869 2048 33608 1234964992.0
epoch 981 1532 2048 27516 849337984.0
epoch 982 1559 2048 27804 1007232000.0
epoch 983 1938 2048 35176 732498432.0
epoch 984 1888 2048 34504 931942144.0
epoch 985 1048 1024 16544 893844288.0
epoch 986 2527 2048 47628 737454912.0
epoch 987 2016 2048 36312 699824512.0
epoch 988 1944 2048 35244 1705405824.0
epoch 989 2612 2048 48696 1594124928.0
epoch 990 796 1024 12476 1147714560.0
epoch 991 1262 1024 20256 807063936.0
epoch 992 1328 1024 21912 874427264.0
epoch 993 1197 1024 18572 214438208.0
epoch 994 2829 4096 57408 1183921792.0
epoch 995 887 1024 14380 891417152.0
epoch 996 3069 4096 61368 1808893184.0
epoch 997 1827 2048 33012 1626612992.0
epoch 998 2623 4096 54656 8453607936.0
epoch 999 2547 4096 51660 9168099328.0
epoch 1000 1070 1024 16780 4071527936.0
epoch 1001 1079 1024 16876 1230125440.0
epoch 1002 986 1024 15756 1244459776.0
epoch 1003 2070 2048 37020 641550336.0
epoch 1004 1717 2048 31416 1206562432.0
epoch 1005 2042 2048 36776 717644800.0
epoch 1006 1569 2048 27880 1447014656.0
epoch 1007 1984 2048 35796 1397660416.0
epoch 1008 1456 2048 26380 5251593216.0
epoch 1009 2057 2048 36856 996761984.0
epoch 1010 2657 4096 54992 6872669696.0
epoch 1011 1041 1024 16500 2639004160.0
epoch 1012 1537 2048 27628 2421419008.0
epoch 1013 2467 4096 50668 2726455552.0
epoch 1014 1581 2048 28064 1246171264.0
epoch 1015 1263 1024 20116 1064953728.0
epoch 1016 1106 1024 17500 806985216.0
epoch 1017 1045 1024 16528 620857984.0
epoch 1018 1747 2048 32092 632461824.0
epoch 1019 1959 2048 35540 419635264.0
epoch 1020 2780 4096 56764 3247336448.0
epoch 1021 2038 2048 36696 742306624.0
epoch 1022 898 1024 14544 1361705472.0
epoch 1023 2058 2048 36892 617093376.0
epoch 1024 1971 2048 35532 492466848.0
epoch 1025 2411 4096 50120 3006383104.0
epoch 1026 1170 1024 18284 1199136896.0
epoch 1027 829 1024 12976 1070458240.0
epoch 1028 1490 2048 26548 464448704.0
epoch 1029 1456 2048 26256 343660768.0
epoch 1030 1936 2048 35152 957381760.0
epoch 1031 1569 2048 27952 1318003328.0
epoch 1032 1838 2048 33192 1061291520.0
epoch 1033 2075 2048 37060 992868224.0
epoch 1034 2001 2048 36184 477547968.0
epoch 1035 1480 2048 26816 829251392.0
epoch 1036 1090 1024 17068 320770816.0
epoch 1037 1795 2048 32700 360215360.0
epoch 1038 2001 2048 36184 524776448.0
epoch 1039 1039 1024 16460 239669808.0
epoch 1040 1811 2048 32864 532010112.0
epoch 1041 2460 2048 44488 594695872.0
epoch 1042 1007 1024 16136 672599552.0
epoch 1043 1814 2048 32908 325573376.0
epoch 1044 1989 2048 36108 531299712.0
epoch 1045 2721 4096 55768 2891592960.0
epoch 1046 1562 2048 27820 2523438080.0
epoch 1047 1248 2048 22988 1430819584.0
epoch 1048 2070 2048 37020 628025472.0
epoch 1049 1950 2048 35304 324345792.0
epoch 1050 1820 2048 32988 1534111232.0
epoch 1051 1572 2048 27980 526950432.0
epoch 1052 1072 1024 16876 341639488.0
epoch 1053 2758 4096 54812 2608088832.0
epoch 1054 1967 2048 35596 695476416.0
epoch 1055 2050 2048 36856 723602176.0
epoch 1056 1957 2048 35324 534516224.0
epoch 1057 1066 1024 16760 266157920.0
epoch 1058 2076 2048 37064 127690064.0
epoch 1059 1044 1024 16488 287771776.0
epoch 1060 1931 2048 34948 244450256.0
epoch 1061 1906 2048 34716 118232328.0
epoch 1062 1896 2048 34652 305730112.0
epoch 1063 1568 2048 27864 433763840.0
epoch 1064 1779 2048 32456 519135360.0
epoch 1065 2069 2048 37016 236872352.0
epoch 1066 2001 2048 36208 465452096.0
epoch 1067 2026 2048 36460 1224471936.0
epoch 1068 1676 2048 31020 772803712.0
epoch 1069 2449 4096 50512 1761537152.0
epoch 1070 1439 2048 26060 590526592.0
epoch 1071 2068 2048 37008 250733552.0
epoch 1072 1648 2048 30544 586080448.0
epoch 1073 1743 2048 31820 646998656.0
epoch 1074 1611 2048 28296 619192512.0
epoch 1075 2064 2048 36952 318351360.0
epoch 1076 923 1024 14736 613558912.0
epoch 1077 2013 2048 36296 252063232.0
epoch 1078 1053 1024 16584 437255744.0
epoch 1079 2316 4096 48124 756189760.0
epoch 1080 2559 4096 52168 1361226368.0
epoch 1081 1815 2048 32924 297649504.0
epoch 1082 1532 2048 27204 1577855360.0
epoch 1083 1937 2048 35160 538269952.0
epoch 1084 2581 2048 48336 710033216.0
epoch 1085 1105 1024 17496 968678144.0
epoch 1086 1994 2048 35884 559708736.0
epoch 1087 1069 1024 16776 349361472.0
epoch 1088 2062 2048 36940 137179840.0
epoch 1089 2103 2048 37364 142449216.0
epoch 1090 2061 2048 36936 653465088.0
epoch 1091 2045 2048 36828 198741248.0
epoch 1092 482 512 6252 191577920.0
epoch 1093 2059 2048 36924 45848172.0
epoch 1094 1962 2048 35388 1198303232.0
epoch 1095 1640 2048 29000 303650752.0
epoch 1096 2844 4096 57536 924432832.0
epoch 1097 1937 2048 35160 1250552320.0
epoch 1098 2559 4096 52156 5744884224.0
epoch 1099 2448 4096 50508 5397832192.0
epoch 1100 1025 1024 16364 3833947136.0
epoch 1101 1503 2048 27084 2690700800.0
epoch 1102 1051 1024 16572 947960832.0
epoch 1103 2043 2048 36612 610974592.0
epoch 1104 1979 2048 36008 514352992.0
epoch 1105 1934 2048 35132 177963936.0
epoch 1106 700 512 9480 246095152.0
epoch 1107 1565 2048 27848 118875008.0
epoch 1108 1899 2048 34668 97640912.0
epoch 1109 1034 1024 15620 586763584.0
epoch 1110 1968 2048 35852 133113904.0
epoch 1111 1846 2048 33248 214416224.0
epoch 1112 1870 2048 34360 208091680.0
epoch 1113 3075 4096 61436 3255509504.0
epoch 1114 2051 2048 36832 1571928704.0
epoch 1115 1716 2048 31772 1807544704.0
epoch 1116 1915 2048 34984 1473308928.0
epoch 1117 2525 4096 51400 5807823872.0
epoch 1118 1586 2048 28104 2215533568.0
epoch 1119 1323 2048 23928 2364682496.0
epoch 1120 1565 2048 27848 1843052672.0
epoch 1121 1912 2048 34040 889651968.0
epoch 1122 1061 1024 17056 1061298048.0
epoch 1123 1971 2048 35532 631006592.0
epoch 1124 1987 2048 36060 853892096.0
epoch 1125 1490 2048 26976 737530176.0
epoch 1126 1556 2048 27760 258062016.0
epoch 1127 1680 2048 31040 685381760.0
epoch 1128 1577 2048 28016 342781600.0
epoch 1129 1814 2048 32908 136597152.0
epoch 1130 2072 2048 37032 138638784.0
epoch 1131 2036 2048 36312 15369794.0
epoch 1132 1999 2048 36172 246862160.0
epoch 1133 2074 2048 37052 151292192.0
epoch 1134 1523 2048 27420 611977088.0
epoch 1135 1599 2048 28604 152292032.0
epoch 1136 1941 2048 35192 167588656.0
epoch 1137 2207 4096 46476 1441129728.0
epoch 1138 769 1024 12236 660447488.0
epoch 1139 1040 1024 16492 261186176.0
epoch 1140 1949 2048 35272 108319456.0
epoch 1141 1804 2048 32828 217047136.0
epoch 1142 1981 2048 35932 68127232.0
epoch 1143 1043 1024 16480 326728224.0
epoch 1144 2088 2048 37236 1475445.5
epoch 1145 2056 2048 36896 46938440.0
epoch 1146 1665 2048 30744 125322624.0
epoch 1147 1413 2048 25804 113404480.0
epoch 1148 1746 2048 31836 64244600.0
epoch 1149 1880 2048 34460 60784468.0
epoch 1150 1548 2048 27528 86200640.0
epoch 1151 2444 4096 50476 1055024000.0
epoch 1152 681 1024 10760 855839040.0
epoch 1153 1041 1024 16472 121435528.0
epoch 1154 1633 2048 30416 472939840.0
epoch 1155 1784 2048 32604 143351808.0
epoch 1156 1076 1024 16908 181668560.0
epoch 1157 1376 2048 25292 472457088.0
epoch 1158 1015 1024 16188 88408232.0
epoch 1159 1461 2048 26296 35719276.0
epoch 1160 1545 2048 27680 970277120.0
epoch 1161 1310 2048 23752 896847360.0
epoch 1162 1553 2048 27736 348476480.0
epoch 1163 1703 2048 31320 172676928.0
epoch 1164 2013 2048 36296 267475968.0
epoch 1165 1560 2048 27812 200550848.0
epoch 1166 1525 2048 27432 55602960.0
epoch 1167 942 1024 14476 139786016.0
epoch 1168 1081 1024 16888 14665568.0
epoch 1169 799 1024 12516 56608056.0
epoch 1170 1442 2048 26076 4793316.0
epoch 1171 1273 2048 23360 175190080.0
epoch 1172 1034 1024 16424 33482070.0
epoch 1173 1645 2048 30528 4737697.5
epoch 1174 499 512 6764 135862864.0
epoch 1175 1480 2048 26844 34997400.0
epoch 1176 3008 4096 60564 1019991616.0