2.061000000000000000e+03 2.048000000000000000e+03 3.692800000000000000e+04
1.743000000000000000e+03 2.048000000000000000e+03 3.168000000000000000e+04
6.180000000000000000e+02 5.120000000000000000e+02 8.240000000000000000e+03
1.656000000000000000e+03 2.048000000000000000e+03 2.891200000000000000e+04
3.861000000000000000e+03 4.096000000000000000e+03 7.796800000000000000e+04
1.400000000000000000e+03 2.048000000000000000e+03 2.480000000000000000e+04
1.054000000000000000e+03 1.024000000000000000e+03 1.657600000000000000e+04
3.053000000000000000e+03 4.096000000000000000e+03 6.107200000000000000e+04
2.829000000000000000e+03 4.096000000000000000e+03 5.721600000000000000e+04
3.112000000000000000e+03 4.096000000000000000e+03 6.174400000000000000e+04
