1.955000000000000000e+03 2.048000000000000000e+03 3.531600000000000000e+04
1.023000000000000000e+03 1.024000000000000000e+03 1.626800000000000000e+04
5.680000000000000000e+02 5.120000000000000000e+02 7.648000000000000000e+03
1.057000000000000000e+03 1.024000000000000000e+03 1.660400000000000000e+04
9.850000000000000000e+02 1.024000000000000000e+03 1.575200000000000000e+04
8.250000000000000000e+02 1.024000000000000000e+03 1.277600000000000000e+04
1.049000000000000000e+03 1.024000000000000000e+03 1.652400000000000000e+04
1.851000000000000000e+03 2.048000000000000000e+03 3.327200000000000000e+04
1.075000000000000000e+03 1.024000000000000000e+03 1.682000000000000000e+04
1.584000000000000000e+03 2.048000000000000000e+03 2.805600000000000000e+04
9.580000000000000000e+02 1.024000000000000000e+03 1.545200000000000000e+04
1.043000000000000000e+03 1.024000000000000000e+03 1.648400000000000000e+04
1.542000000000000000e+03 2.048000000000000000e+03 2.762800000000000000e+04
1.053000000000000000e+03 1.024000000000000000e+03 1.658400000000000000e+04
1.046000000000000000e+03 1.024000000000000000e+03 1.652400000000000000e+04
5.740000000000000000e+02 5.120000000000000000e+02 7.692000000000000000e+03
9.150000000000000000e+02 1.024000000000000000e+03 1.468400000000000000e+04
9.960000000000000000e+02 1.024000000000000000e+03 1.584800000000000000e+04
5.620000000000000000e+02 5.120000000000000000e+02 7.580000000000000000e+03
1.053000000000000000e+03 1.024000000000000000e+03 1.660800000000000000e+04
9.940000000000000000e+02 1.024000000000000000e+03 1.589600000000000000e+04
1.569000000000000000e+03 2.048000000000000000e+03 2.786800000000000000e+04
5.440000000000000000e+02 5.120000000000000000e+02 7.376000000000000000e+03
1.565000000000000000e+03 2.048000000000000000e+03 2.784800000000000000e+04
1.926000000000000000e+03 2.048000000000000000e+03 3.500400000000000000e+04
1.052000000000000000e+03 1.024000000000000000e+03 1.657600000000000000e+04
1.314000000000000000e+03 2.048000000000000000e+03 2.377200000000000000e+04
1.058000000000000000e+03 1.024000000000000000e+03 1.662000000000000000e+04
1.315000000000000000e+03 2.048000000000000000e+03 2.380400000000000000e+04
9.910000000000000000e+02 1.024000000000000000e+03 1.582000000000000000e+04
9.940000000000000000e+02 1.024000000000000000e+03 1.583600000000000000e+04
5.400000000000000000e+02 5.120000000000000000e+02 7.344000000000000000e+03
9.830000000000000000e+02 1.024000000000000000e+03 1.551600000000000000e+04
4.090000000000000000e+02 5.120000000000000000e+02 5.504000000000000000e+03
9.710000000000000000e+02 1.024000000000000000e+03 1.523200000000000000e+04
5.630000000000000000e+02 5.120000000000000000e+02 7.596000000000000000e+03
1.312000000000000000e+03 2.048000000000000000e+03 2.376000000000000000e+04
1.012000000000000000e+03 1.024000000000000000e+03 1.616000000000000000e+04
1.314000000000000000e+03 2.048000000000000000e+03 2.377200000000000000e+04
1.018000000000000000e+03 1.024000000000000000e+03 1.620400000000000000e+04
7.800000000000000000e+02 1.024000000000000000e+03 1.233200000000000000e+04
1.926000000000000000e+03 2.048000000000000000e+03 3.500400000000000000e+04
1.449000000000000000e+03 2.048000000000000000e+03 2.612400000000000000e+04
1.062000000000000000e+03 1.024000000000000000e+03 1.670000000000000000e+04
8.030000000000000000e+02 1.024000000000000000e+03 1.251200000000000000e+04
5.330000000000000000e+02 5.120000000000000000e+02 7.280000000000000000e+03
1.896000000000000000e+03 2.048000000000000000e+03 3.456800000000000000e+04
1.058000000000000000e+03 1.024000000000000000e+03 1.661200000000000000e+04
5.670000000000000000e+02 5.120000000000000000e+02 7.644000000000000000e+03
1.269000000000000000e+03 2.048000000000000000e+03 2.320800000000000000e+04
9.360000000000000000e+02 1.024000000000000000e+03 1.485600000000000000e+04
1.073000000000000000e+03 1.024000000000000000e+03 1.682400000000000000e+04
1.049000000000000000e+03 1.024000000000000000e+03 1.660800000000000000e+04
1.581000000000000000e+03 2.048000000000000000e+03 2.804000000000000000e+04
1.058000000000000000e+03 1.024000000000000000e+03 1.661200000000000000e+04
1.035000000000000000e+03 1.024000000000000000e+03 1.642800000000000000e+04
9.420000000000000000e+02 1.024000000000000000e+03 1.498400000000000000e+04
1.054000000000000000e+03 1.024000000000000000e+03 1.658800000000000000e+04
1.825000000000000000e+03 2.048000000000000000e+03 3.298800000000000000e+04
1.048000000000000000e+03 1.024000000000000000e+03 1.654800000000000000e+04
1.561000000000000000e+03 2.048000000000000000e+03 2.778800000000000000e+04
1.048000000000000000e+03 1.024000000000000000e+03 1.654400000000000000e+04
1.014000000000000000e+03 1.024000000000000000e+03 1.606000000000000000e+04
2.012000000000000000e+03 2.048000000000000000e+03 3.628000000000000000e+04
1.568000000000000000e+03 2.048000000000000000e+03 2.786400000000000000e+04
9.250000000000000000e+02 1.024000000000000000e+03 1.474800000000000000e+04
1.046000000000000000e+03 1.024000000000000000e+03 1.650800000000000000e+04
1.942000000000000000e+03 2.048000000000000000e+03 3.519600000000000000e+04
1.562000000000000000e+03 2.048000000000000000e+03 2.782000000000000000e+04
9.560000000000000000e+02 1.024000000000000000e+03 1.509600000000000000e+04
1.838000000000000000e+03 2.048000000000000000e+03 3.316400000000000000e+04
5.820000000000000000e+02 5.120000000000000000e+02 7.868000000000000000e+03
9.270000000000000000e+02 1.024000000000000000e+03 1.479600000000000000e+04
1.581000000000000000e+03 2.048000000000000000e+03 2.804000000000000000e+04
9.380000000000000000e+02 1.024000000000000000e+03 1.487600000000000000e+04
1.101000000000000000e+03 1.024000000000000000e+03 1.722400000000000000e+04
1.407000000000000000e+03 2.048000000000000000e+03 2.558800000000000000e+04
9.340000000000000000e+02 1.024000000000000000e+03 1.484400000000000000e+04
1.034000000000000000e+03 1.024000000000000000e+03 1.642400000000000000e+04
1.821000000000000000e+03 2.048000000000000000e+03 3.296800000000000000e+04
1.317000000000000000e+03 2.048000000000000000e+03 2.384800000000000000e+04
1.817000000000000000e+03 2.048000000000000000e+03 3.290800000000000000e+04
9.840000000000000000e+02 1.024000000000000000e+03 1.577200000000000000e+04
1.072000000000000000e+03 1.024000000000000000e+03 1.679200000000000000e+04
1.591000000000000000e+03 2.048000000000000000e+03 2.814000000000000000e+04
1.333000000000000000e+03 2.048000000000000000e+03 2.399200000000000000e+04
1.508000000000000000e+03 2.048000000000000000e+03 2.716800000000000000e+04
5.510000000000000000e+02 5.120000000000000000e+02 7.424000000000000000e+03
6.080000000000000000e+02 5.120000000000000000e+02 8.152000000000000000e+03
1.008000000000000000e+03 1.024000000000000000e+03 1.596000000000000000e+04
1.056000000000000000e+03 1.024000000000000000e+03 1.660000000000000000e+04
1.012000000000000000e+03 1.024000000000000000e+03 1.604000000000000000e+04
1.557000000000000000e+03 2.048000000000000000e+03 2.778400000000000000e+04
1.569000000000000000e+03 2.048000000000000000e+03 2.792800000000000000e+04
5.680000000000000000e+02 5.120000000000000000e+02 7.708000000000000000e+03
1.522000000000000000e+03 2.048000000000000000e+03 2.723600000000000000e+04
1.567000000000000000e+03 2.048000000000000000e+03 2.785600000000000000e+04
1.060000000000000000e+03 1.024000000000000000e+03 1.668000000000000000e+04
9.900000000000000000e+02 1.024000000000000000e+03 1.581600000000000000e+04
1.058000000000000000e+03 1.024000000000000000e+03 1.663600000000000000e+04