epoch 1 103 64 740 9871229.0
epoch 2 118 64 928 3312308.5
epoch 3 157 128 1452 2230751.75
epoch 4 172 128 1576 1470255.625
epoch 5 207 128 1932 1086375.375
epoch 6 163 128 1492 826240.375
epoch 7 209 128 2000 760496.125
epoch 8 425 512 5628 3388011.25
epoch 9 216 256 2408 552132.5
epoch 10 253 256 2776 652378.0625
epoch 11 328 256 3824 1228282.25
epoch 12 434 256 5276 2206250.5
epoch 13 319 256 3708 691608.5625
epoch 14 360 256 4180 1004677.75
epoch 15 240 256 2684 606612.5
epoch 16 491 512 6732 1481501.5
epoch 17 368 256 4184 905483.0
epoch 18 465 512 6464 1924369.0
epoch 19 505 512 6976 2630374.0
epoch 20 603 512 8112 2274636.5
epoch 21 390 256 4668 1052487.875
epoch 22 463 512 6036 2056889.75
epoch 23 166 128 1536 420576.28125
epoch 24 371 256 4284 658851.5625
epoch 25 308 256 3488 677235.75
epoch 26 211 128 2076 433458.03125
epoch 27 411 256 4784 599067.0
epoch 28 197 128 1840 385357.5625
epoch 29 192 128 1744 192557.171875
epoch 30 250 256 2756 330656.0625
epoch 31 232 128 2304 212761.59375
epoch 32 389 512 5156 1017904.125
epoch 33 151 128 1380 201911.328125
epoch 34 302 256 3388 324952.59375
epoch 35 411 512 5532 594665.8125
epoch 36 147 128 1360 250696.71875
epoch 37 166 128 1508 131768.59375
epoch 38 530 512 7196 958453.875
epoch 39 240 256 2692 463056.375
epoch 40 291 256 3280 309762.90625
epoch 41 244 256 2656 303777.0625
epoch 42 330 256 3676 375643.59375
epoch 43 231 128 2300 293086.5
epoch 44 253 256 2896 330816.4375
epoch 45 454 512 5948 833948.375
epoch 46 438 512 5816 1295041.0
epoch 47 298 256 3340 566479.875
epoch 48 449 512 6060 1380504.5
epoch 49 318 256 3532 659560.5
epoch 50 254 256 2900 565755.875
epoch 51 352 256 4048 603478.75
epoch 52 341 256 3952 846998.0
epoch 53 256 256 2816 495460.375
epoch 54 373 512 4964 659849.9375
epoch 55 131 64 960 213681.625
epoch 56 370 512 4924 527342.5
epoch 57 248 128 2512 369646.28125
epoch 58 499 512 6596 977616.5
epoch 59 463 512 6032 1301174.25
epoch 60 509 512 6664 1492117.0
epoch 61 326 256 3672 1344660.0
epoch 62 467 256 5728 1064103.5
epoch 63 430 512 5580 1380277.125
epoch 64 566 512 7580 1690680.375
epoch 65 226 128 2236 820339.625
epoch 66 137 64 1080 511277.625
epoch 67 175 128 1568 347349.5
epoch 68 333 256 3720 469610.625
epoch 69 228 128 2272 387249.1875
epoch 70 350 256 4280 708010.875
epoch 71 438 512 5756 972887.1875
epoch 72 250 256 2784 833359.375
epoch 73 195 128 1760 295959.78125
epoch 74 282 256 3204 440615.0625
epoch 75 313 256 3528 475182.3125
epoch 76 134 128 1184 303224.875
epoch 77 302 256 3372 312595.875
epoch 78 316 256 3568 409479.4375
epoch 79 530 512 7196 1220544.0
epoch 80 218 128 2180 597683.25
epoch 81 182 128 1652 388378.4375
epoch 82 206 128 2096 435042.125
epoch 83 235 128 2320 238351.0625
epoch 84 292 256 3296 358362.875
epoch 85 467 512 6224 572068.4375
epoch 86 275 256 3100 597519.8125
epoch 87 384 512 5072 655940.875
epoch 88 360 256 4128 503808.8125
epoch 89 312 256 3520 491508.0
epoch 90 337 256 3752 534797.6875
epoch 91 503 512 6844 1249318.25
epoch 92 311 256 3504 611331.8125
epoch 93 316 256 3512 569818.0
epoch 94 224 128 2104 353948.4375
epoch 95 286 256 3140 506506.1875
epoch 96 283 256 3212 575810.25
epoch 97 311 256 3468 459587.8125
epoch 98 292 256 3308 524581.125
epoch 99 145 64 1144 262591.8125
epoch 100 560 512 7568 820204.8125
epoch 101 550 512 7420 936630.0
epoch 102 224 128 2252 804319.5
epoch 103 367 256 4392 521765.65625
epoch 104 243 256 2652 681617.0
epoch 105 232 256 2544 480345.875
epoch 106 127 128 1108 340824.0
epoch 107 170 128 1532 182621.75
epoch 108 473 512 6276 518755.25
epoch 109 271 256 2956 536514.875
epoch 110 354 256 3948 417923.46875
epoch 111 271 256 2984 422567.0
epoch 112 182 128 1644 256764.703125
epoch 113 204 128 1904 185854.625
epoch 114 358 512 4848 447008.5
epoch 115 174 128 1600 288861.6875
epoch 116 361 256 4192 529468.25
epoch 117 245 256 2720 441463.71875
epoch 118 232 256 2544 250999.1875
epoch 119 329 256 3660 174083.25
epoch 120 307 256 3436 274888.125
epoch 121 313 256 3528 344361.15625
epoch 122 393 512 5312 648316.8125
epoch 123 363 256 4144 307574.53125
epoch 124 239 128 2428 372773.5
epoch 125 257 256 2832 358513.71875
epoch 126 280 256 3184 282207.3125
epoch 127 356 256 4320 280081.6875
epoch 128 415 256 5068 577286.9375
epoch 129 268 256 3024 330196.5
epoch 130 174 128 1564 167165.6875
epoch 131 166 128 1508 190126.859375
epoch 132 416 512 5520 347067.375
epoch 133 326 256 3756 332742.59375
epoch 134 324 256 3804 599161.75
epoch 135 228 256 2496 239339.453125
epoch 136 155 128 1440 349009.625
epoch 137 276 256 3152 174866.515625
epoch 138 362 256 4364 289630.1875
epoch 139 492 512 6704 611545.0625
epoch 140 199 128 1840 236743.953125
epoch 141 306 256 3420 277990.46875
epoch 142 444 512 5872 501129.6875
epoch 143 288 256 3264 274611.53125
epoch 144 292 256 3296 334697.5625
epoch 145 175 128 1572 201995.890625
epoch 146 354 256 4068 308658.6875
epoch 147 313 256 3636 281922.25
epoch 148 444 512 5872 527580.25
epoch 149 267 256 2896 317211.03125
epoch 150 504 512 6848 1200783.5
epoch 151 366 256 4220 514304.5625
epoch 152 445 512 5864 1159956.75
epoch 153 355 256 4316 900585.625
epoch 154 587 512 8204 1793162.25
epoch 155 310 256 3500 1137563.5
epoch 156 390 512 5164 1051571.125
epoch 157 517 512 7136 2048671.0
epoch 158 457 512 5964 941235.875
epoch 159 571 512 8012 2964960.5
epoch 160 609 512 8912 4281796.0
epoch 161 326 256 3644 1621767.75
epoch 162 336 256 3916 2187537.25
epoch 163 474 512 6532 2185841.5
epoch 164 414 512 5568 2901650.0
epoch 165 567 512 7644 2328311.25
epoch 166 302 256 3388 943974.25
epoch 167 435 512 5788 2331231.5
epoch 168 268 256 3028 2049853.75
epoch 169 565 512 7576 2005655.0
epoch 170 874 1024 13792 22096468.0
epoch 171 587 512 7980 7141799.5
epoch 172 768 1024 12172 15424474.0
epoch 173 502 512 6828 6228220.0
epoch 174 580 512 7884 8023059.0
epoch 175 415 256 5068 4874666.0
epoch 176 387 512 5148 3826014.5
epoch 177 486 512 6636 3402445.75
epoch 178 593 512 8272 4923291.5
epoch 179 299 256 3344 1599788.625
epoch 180 296 256 3328 1947479.625
epoch 181 790 1024 12408 7972361.5
epoch 182 430 256 5348 3246507.0
epoch 183 416 512 5580 3835741.0
epoch 184 449 512 5920 2171837.75
epoch 185 429 512 5696 3793259.0
epoch 186 421 512 5604 3518656.0
epoch 187 342 256 3956 1601612.75
epoch 188 433 512 5776 4081637.0
epoch 189 657 512 9552 3643319.5
epoch 190 546 512 7388 2802356.0
epoch 191 289 256 3280 3246377.75
epoch 192 946 1024 15004 15345638.0
epoch 193 402 512 5276 5740351.0
epoch 194 453 512 6304 6686987.5
epoch 195 436 512 5792 2888794.5
epoch 196 670 512 9672 6284728.0
epoch 197 441 512 5856 5062837.5
epoch 198 246 256 2728 3257949.0
epoch 199 515 512 7004 2759180.25
epoch 200 588 512 7816 2020379.25
epoch 201 606 512 8140 3878800.0
epoch 202 568 512 7648 4426393.5
epoch 203 633 512 8776 4562938.5
epoch 204 345 256 3880 2180578.5
epoch 205 702 1024 11004 4917731.0
epoch 206 616 512 8232 4167868.5
epoch 207 550 512 7468 8786484.0
epoch 208 929 1024 14808 24781692.0
epoch 209 531 512 7260 9412864.0
epoch 210 575 512 7880 13033408.0
epoch 211 605 512 8880 10593466.0
epoch 212 499 512 6812 7399631.0
epoch 213 411 256 5036 3795451.75
epoch 214 547 512 7452 3924562.0
epoch 215 396 512 5232 2278216.25
epoch 216 783 1024 12300 3984665.0
epoch 217 352 256 4048 2699405.5
epoch 218 829 1024 12808 3347063.0
epoch 219 827 1024 12908 5278838.0
epoch 220 638 512 8716 4163997.5
epoch 221 657 512 9552 6574006.5
epoch 222 610 512 8472 7543893.5
epoch 223 563 512 7612 4283768.5
epoch 224 371 256 4284 1962116.25
epoch 225 548 512 7400 1970810.5
epoch 226 789 1024 12400 6526370.0
epoch 227 539 512 7312 3525387.5
epoch 228 560 512 7692 7040747.0
epoch 229 558 512 7560 6164327.5
epoch 230 555 512 7532 4559479.5
epoch 231 912 1024 14612 7426327.5
epoch 232 388 512 5276 10288146.0
epoch 233 481 512 6608 4186697.75
epoch 234 531 512 7260 3686094.5
epoch 235 515 512 7068 4543139.0
epoch 236 523 512 7208 6221890.0
epoch 237 545 512 7384 2571521.5
epoch 238 357 256 4088 2296875.0
epoch 239 657 512 9552 3318114.0
epoch 240 469 512 6136 2595379.5
epoch 241 549 512 7488 5858937.0
epoch 242 830 1024 12932 6636804.0
epoch 243 546 512 7448 6766506.0
epoch 244 504 512 6792 3098645.0
epoch 245 308 256 3432 2302245.5
epoch 246 1033 1024 16416 11471766.0
epoch 247 531 512 7260 10119644.0
epoch 248 557 512 7544 4643081.0
epoch 249 292 256 3356 5100809.0
epoch 250 813 1024 12672 7455433.0
epoch 251 874 1024 13372 4952278.5
epoch 252 925 1024 14784 24434740.0
epoch 253 572 512 7680 6636346.0
epoch 254 1080 1024 17052 29712848.0
epoch 255 776 1024 12224 15956453.0
epoch 256 531 512 7260 13164506.0
epoch 257 601 512 8104 11093490.0
epoch 258 1050 1024 16564 12632287.0
epoch 259 340 256 3936 10183050.0
epoch 260 1020 1024 16240 19750808.0
epoch 261 413 256 5056 10624762.0
epoch 262 914 1024 14680 17902844.0
epoch 263 452 512 5928 5736547.0
epoch 264 539 512 7340 6697895.0
epoch 265 311 256 3516 4873318.5
epoch 266 1009 1024 16024 5677433.0
epoch 267 851 1024 13164 16597510.0
epoch 268 369 256 4248 6903490.0
epoch 269 448 512 5904 5102643.5
epoch 270 537 512 7328 4599804.0
epoch 271 443 512 5868 5102554.0
epoch 272 795 1024 12472 12834579.0
epoch 273 722 1024 11600 13047177.0
epoch 274 932 1024 14880 5689329.0
epoch 275 1036 1024 16432 14165115.0
epoch 276 914 1024 14680 48674676.0
epoch 277 292 256 3296 14175572.0
epoch 278 593 512 8024 10016694.0
epoch 279 417 512 5584 9104718.0
epoch 280 835 1024 13044 15897559.0
epoch 281 1081 1024 17248 16477564.0
epoch 282 508 512 6880 6371930.0
epoch 283 535 512 7292 7578237.0
epoch 284 976 1024 15440 9672509.0
epoch 285 803 1024 12524 7580938.0
epoch 286 528 512 7244 15159708.0
epoch 287 573 512 7688 8931200.0
epoch 288 298 256 3340 3612369.0
epoch 289 671 1024 10696 20979600.0
epoch 290 940 1024 14960 12399174.0
epoch 291 930 1024 14812 8018510.0
epoch 292 1372 2048 25232 46755356.0
epoch 293 1029 1024 16384 50915060.0
epoch 294 825 1024 12836 68118832.0
epoch 295 869 1024 13560 31075788.0
epoch 296 685 1024 10876 51809964.0
epoch 297 937 1024 14944 25705872.0
epoch 298 942 1024 14972 20227996.0
epoch 299 306 256 3432 20051960.0
epoch 300 704 1024 11024 9061506.0
epoch 301 480 512 6592 10135630.0
epoch 302 1002 1024 15724 14105474.0
epoch 303 1550 2048 27708 45311680.0
epoch 304 364 256 4220 36132456.0
epoch 305 942 1024 14980 26779022.0
epoch 306 556 512 7464 15635666.0
epoch 307 277 256 3168 14029934.0
epoch 308 307 256 3484 9802818.0
epoch 309 621 512 8328 6271417.5
epoch 310 543 512 7372 5781291.0
epoch 311 513 512 7056 4376923.0
epoch 312 785 1024 12368 6829949.0
epoch 313 1095 1024 17108 11781696.0
epoch 314 1045 1024 16588 33856888.0
epoch 315 1044 1024 16524 49037296.0
epoch 316 1539 2048 27612 154471136.0
epoch 317 285 256 3248 65916520.0
epoch 318 911 1024 14156 46257824.0
epoch 319 972 1024 15420 41927520.0
epoch 320 506 512 6636 17260474.0
epoch 321 812 1024 12668 25406292.0
epoch 322 594 512 8028 8965836.0
epoch 323 317 256 3584 7774738.0
epoch 324 867 1024 13548 13950595.0
epoch 325 1084 1024 16988 19848900.0
epoch 326 787 1024 12380 38133408.0
epoch 327 539 512 7340 13213426.0
epoch 328 1025 1024 16336 24223552.0
epoch 329 607 512 8396 12659878.0
epoch 330 802 1024 12508 5472937.5
epoch 331 542 512 7356 8625011.0
epoch 332 821 1024 12728 21912128.0
epoch 333 542 512 7356 8658264.0
epoch 334 976 1024 15440 36790808.0
epoch 335 1020 1024 16128 16014160.0
epoch 336 719 512 10316 27718626.0
epoch 337 637 512 9328 37593052.0
epoch 338 1051 1024 16560 7957656.0
epoch 339 1041 1024 16472 27902220.0
epoch 340 803 1024 12512 15922044.0
epoch 341 509 512 6664 6649951.0
epoch 342 977 1024 15696 30131650.0
epoch 343 1048 1024 16520 15411318.0
epoch 344 497 512 6924 54581664.0
epoch 345 929 1024 14384 16334182.0
epoch 346 954 1024 15096 30450776.0
epoch 347 924 1024 14780 39551952.0
epoch 348 1082 1024 16884 15650570.0
epoch 349 563 512 7584 6723893.0
epoch 350 1045 1024 16492 14125081.0
epoch 351 778 512 11304 22486476.0
epoch 352 1091 1024 17148 40618088.0
epoch 353 537 512 7304 34040576.0
epoch 354 1488 2048 26704 77702560.0
epoch 355 1496 2048 26788 95482528.0
epoch 356 547 512 7404 66015008.0
epoch 357 1049 1024 16552 37423124.0
epoch 358 1061 1024 16664 27880752.0
epoch 359 1580 2048 28144 72094248.0
epoch 360 1060 1024 16660 68294768.0
epoch 361 497 512 6800 45194000.0
epoch 362 1036 1024 16444 74698928.0
epoch 363 532 512 7264 25712208.0
epoch 364 944 1024 14992 21061286.0
epoch 365 731 512 10428 21097482.0
epoch 366 1344 2048 24448 79308544.0
epoch 367 855 1024 13184 28335836.0
epoch 368 1019 1024 16236 46635216.0
epoch 369 1612 2048 28720 156992768.0
epoch 370 1032 1024 16412 121181408.0
epoch 371 1037 1024 16436 56158376.0
epoch 372 524 512 7212 69054104.0
epoch 373 969 1024 15584 58448720.0
epoch 374 564 512 7604 38458792.0
epoch 375 1039 1024 16460 64905248.0
epoch 376 952 1024 15168 45005988.0
epoch 377 536 512 7296 12982394.0
epoch 378 553 512 7520 15754888.0
epoch 379 1056 1024 16600 14832796.0
epoch 380 1603 2048 28412 62904968.0
epoch 381 574 512 7864 58183904.0
epoch 382 942 1024 14984 72600672.0
epoch 383 819 1024 12828 55629956.0
epoch 384 1046 1024 16532 27371244.0
epoch 385 927 1024 14796 55807056.0
epoch 386 852 1024 13168 28758492.0
epoch 387 1042 1024 16476 75025256.0
epoch 388 978 1024 15704 125868912.0
epoch 389 1055 1024 16652 88929344.0
epoch 390 799 1024 12492 84093888.0
epoch 391 815 1024 12684 36215020.0
epoch 392 542 512 7368 56053320.0
epoch 393 276 256 3176 38947588.0
epoch 394 1822 2048 32972 61902064.0
epoch 395 1332 2048 24348 254912448.0
epoch 396 544 512 7376 43093024.0
epoch 397 542 512 7356 21124494.0
epoch 398 887 1024 13760 29809180.0
epoch 399 793 1024 12424 38457960.0
epoch 400 1113 1024 18056 119556496.0
epoch 401 1330 2048 23964 108878904.0
epoch 402 784 1024 12352 153955872.0
epoch 403 733 512 10464 94064304.0
epoch 404 1071 1024 16908 101783072.0
epoch 405 396 256 4908 111006968.0
epoch 406 1048 1024 16520 42839936.0
epoch 407 571 512 7724 37767504.0
epoch 408 1046 1024 16508 19617518.0
epoch 409 984 1024 15744 108573832.0
epoch 410 676 512 9712 36270992.0
epoch 411 1067 1024 16876 66865184.0
epoch 412 1093 1024 17132 18413312.0
epoch 413 797 1024 12480 73450008.0
epoch 414 1511 2048 27308 132978576.0
epoch 415 1174 1024 19832 121118576.0
epoch 416 1039 1024 16460 97835536.0
epoch 417 1051 1024 16572 67308464.0
epoch 418 831 1024 13000 137316960.0
epoch 419 605 512 8432 80508184.0
epoch 420 1743 2048 31052 74829720.0
epoch 421 1043 1024 16492 51604424.0
epoch 422 1159 1024 18204 61746084.0
epoch 423 606 512 8140 31792128.0
epoch 424 1046 1024 16508 47275552.0
epoch 425 1081 1024 17000 33456786.0
epoch 426 1057 1024 16604 22886570.0
epoch 427 988 1024 15552 24026654.0
epoch 428 1105 1024 17496 55678368.0
epoch 429 1268 1024 21284 83460256.0
epoch 430 1042 1024 16476 51854400.0
epoch 431 800 1024 12500 41285936.0
epoch 432 1039 1024 16460 26169916.0
epoch 433 649 512 8968 26400232.0
epoch 434 988 1024 15792 24200284.0
epoch 435 1571 2048 27892 50908920.0
epoch 436 547 512 7404 41544524.0
epoch 437 1045 1024 16492 15371271.0
epoch 438 645 512 8972 85283872.0
epoch 439 799 1024 12492 21905148.0
epoch 440 1085 1024 17088 36919244.0
epoch 441 675 512 9204 7048040.0
epoch 442 618 512 8300 5712594.0
epoch 443 848 1024 13136 15646428.0
epoch 444 1048 1024 16520 17696776.0
epoch 445 1025 1024 16340 50593288.0
epoch 446 1305 2048 23688 54869352.0
epoch 447 1050 1024 16556 32401864.0
epoch 448 1756 2048 32236 105659416.0
epoch 449 1163 1024 18224 34894808.0
epoch 450 1741 2048 32048 260041696.0
epoch 451 737 1024 11728 127673216.0
epoch 452 1875 2048 34396 313557280.0
epoch 453 554 512 7524 63084424.0
epoch 454 1584 2048 28176 163898944.0
epoch 455 1035 1024 16428 168093568.0
epoch 456 1048 1024 16520 36978800.0
epoch 457 1531 2048 27380 107126216.0
epoch 458 1792 2048 32656 267099744.0
epoch 459 1083 1024 16896 44235296.0
epoch 460 753 1024 11672 130997200.0
epoch 461 1605 2048 28672 210727600.0
epoch 462 1083 1024 16888 53912384.0
epoch 463 1048 1024 16544 79743248.0
epoch 464 658 512 9052 66975980.0
epoch 465 856 1024 13192 120234376.0
epoch 466 1440 2048 25560 44139112.0
epoch 467 1544 2048 27676 391929600.0
epoch 468 1106 1024 17500 83141080.0
epoch 469 1097 1024 17440 146815200.0
epoch 470 974 1024 15680 145339104.0
epoch 471 785 1024 12368 68925248.0
epoch 472 1424 2048 25932 200809680.0
epoch 473 1544 2048 27676 196297664.0
epoch 474 916 1024 14700 162163344.0
epoch 475 904 1024 13688 20218730.0
epoch 476 795 1024 12460 117312464.0
epoch 477 965 1024 15372 133862768.0
epoch 478 1896 2048 34764 374880672.0
epoch 479 1550 2048 27708 215254464.0
epoch 480 1206 2048 22188 190834656.0
epoch 481 836 1024 12884 142538432.0
epoch 482 978 1024 15452 113361776.0
epoch 483 1027 1024 16348 79086016.0
epoch 484 950 1024 15036 65243432.0
epoch 485 829 1024 12808 62757164.0
epoch 486 817 1024 12696 57203120.0
epoch 487 1102 1024 17256 85984112.0
epoch 488 1763 2048 31984 85559088.0
epoch 489 1552 2048 27728 114693392.0
epoch 490 1097 1024 17200 88213160.0
epoch 491 985 1024 15528 60734248.0
epoch 492 686 512 9384 71895776.0
epoch 493 1110 1024 17308 7214030.0
epoch 494 1058 1024 16648 35746096.0
epoch 495 1555 2048 27756 76306048.0
epoch 496 1116 1024 17352 23094772.0
epoch 497 1114 1024 17388 16948196.0
epoch 498 1243 1024 19948 25731956.0
epoch 499 1574 2048 27740 34177696.0
epoch 500 1045 1024 16504 59592392.0
epoch 1 2014 2048 36360 188960064.0
epoch 2 546 512 7388 105737840.0
epoch 3 1155 1024 18156 54898752.0
epoch 4 979 1024 15708 84467648.0
epoch 5 689 512 9372 670892.5
epoch 6 1052 1024 16576 3077875.0
epoch 7 785 1024 12368 36728720.0
epoch 8 953 1024 15200 32232240.0
epoch 9 1253 1024 19964 9722018.0
epoch 10 820 1024 12712 6649119.0
epoch 11 1582 2048 28044 42463048.0
epoch 12 1053 1024 16584 43931804.0
epoch 13 1480 2048 26144 94424368.0
epoch 14 658 512 9556 92066496.0
epoch 15 1566 2048 27852 122995936.0
epoch 16 1233 1024 19080 20592682.0
epoch 17 1996 2048 36156 398927392.0
epoch 18 1364 2048 24424 144793472.0
epoch 19 1022 1024 16140 91061368.0
epoch 20 1498 2048 27020 213220416.0
epoch 21 945 1024 15372 403020992.0
epoch 22 2066 2048 37000 210853312.0
epoch 23 1816 2048 32940 750493440.0
epoch 24 1311 2048 23804 567252864.0
epoch 25 1505 2048 27096 357948160.0
epoch 26 1578 2048 28012 177642176.0
epoch 27 1187 1024 18508 137677504.0
epoch 28 582 512 7916 226482496.0
epoch 29 1418 2048 25384 290237056.0
epoch 30 1418 2048 25864 461582592.0
epoch 31 1562 2048 27820 150517184.0
epoch 32 1566 2048 27912 173094096.0
epoch 33 478 512 6332 152098448.0
epoch 34 937 1024 14944 87559392.0
epoch 35 1614 2048 28492 75857752.0
epoch 36 1493 2048 26992 240116656.0
epoch 37 1075 1024 16820 62088496.0
epoch 38 1551 2048 27724 117606232.0
epoch 39 1068 1024 16760 130371648.0
epoch 40 539 512 7340 68709016.0
epoch 41 1522 2048 27292 221803040.0
epoch 42 913 1024 14672 271177120.0
epoch 43 1814 2048 32892 116220768.0
epoch 44 1123 1024 17820 114371592.0
epoch 45 1388 2048 24704 20829972.0
epoch 46 1558 2048 27800 152041680.0
epoch 47 1723 2048 31596 411929600.0
epoch 48 916 1024 14688 203567264.0
epoch 49 864 1024 14028 234782448.0
epoch 50 1076 1024 16936 85822368.0
epoch 51 1095 1024 17180 85417424.0
epoch 52 1068 1024 16884 104890400.0
epoch 53 963 1024 15268 134515824.0
epoch 54 559 512 7592 188415280.0
epoch 55 1521 2048 27408 59066544.0
epoch 56 987 1024 15540 27945444.0
epoch 57 2054 2048 36860 53119664.0
epoch 58 1686 2048 29596 59568632.0
epoch 59 978 1024 15452 91497000.0
epoch 60 1035 1024 16428 126107904.0
epoch 61 2727 4096 54876 1227530240.0
epoch 62 1307 2048 23724 870540864.0
epoch 63 624 512 8344 299644608.0
epoch 64 1013 1024 16080 290790144.0
epoch 65 1036 1024 16436 233454608.0
epoch 66 1522 2048 27416 376953856.0
epoch 67 1743 2048 31820 423417344.0
epoch 68 1814 2048 32908 331683488.0
epoch 69 1744 2048 31824 1005215616.0
epoch 70 1107 1024 17508 407100448.0
epoch 71 1085 1024 17032 114755304.0
epoch 72 623 512 8712 500304960.0
epoch 73 595 512 8060 198683920.0
epoch 74 1574 2048 27992 251867584.0
epoch 75 1065 1024 16840 124158352.0
epoch 76 1040 1024 16464 157410432.0
epoch 77 1619 2048 28532 105966928.0
epoch 78 1986 2048 35748 49567456.0
epoch 79 1943 2048 35228 282268096.0
epoch 80 1818 2048 32940 215831328.0
epoch 81 1373 2048 24520 407833248.0
epoch 82 1803 2048 32824 467792512.0
epoch 83 1726 2048 30900 486241728.0
epoch 84 1873 2048 34384 836111936.0
epoch 85 1050 1024 16568 531208032.0
epoch 86 1027 1024 16292 181891440.0
epoch 87 1568 2048 27864 189218208.0
epoch 88 1675 2048 29500 250034528.0
epoch 89 1048 1024 16520 92660688.0
epoch 90 983 1024 15740 295291840.0
epoch 91 1605 2048 28348 49811336.0
epoch 92 2048 2048 36816 342931904.0
epoch 93 779 1024 12312 570435520.0
epoch 94 1047 1024 16540 178821632.0
epoch 95 955 1024 15184 65896760.0
epoch 96 1058 1024 16620 57798116.0
epoch 97 1498 2048 27048 336834048.0
epoch 98 2061 2048 36936 226299824.0
epoch 99 1106 1024 17512 256883504.0
epoch 100 1071 1024 16908 141513328.0
epoch 101 915 1024 14684 161564816.0
epoch 102 2032 2048 36624 183380592.0
epoch 103 1357 2048 24376 195202816.0
epoch 104 675 1024 10716 331409664.0
epoch 105 1562 2048 27876 185243904.0
epoch 106 1039 1024 16460 104753840.0
epoch 107 1066 1024 16760 146476880.0
epoch 108 1546 2048 27688 151172352.0
epoch 109 1168 1024 18288 75630512.0
epoch 110 1835 2048 33092 253623392.0
epoch 111 1101 1024 17224 164531168.0
epoch 112 2013 2048 36296 657351104.0
epoch 113 877 1024 13448 250951392.0
epoch 114 1622 2048 28572 156168176.0
epoch 115 1306 1024 21744 519652032.0
epoch 116 653 512 9028 370275008.0
epoch 117 1741 2048 31796 279515392.0
epoch 118 930 1024 14812 428786752.0
epoch 119 1427 2048 25948 338737856.0
epoch 120 2006 2048 36220 271777920.0
epoch 121 1602 2048 28380 336911552.0
epoch 122 800 1024 12496 436396736.0
epoch 123 1558 2048 27772 139305968.0
epoch 124 1033 1024 16416 196342032.0
epoch 125 1666 2048 29356 220299968.0
epoch 126 1157 1024 18168 97887456.0
epoch 127 1820 2048 32960 118295168.0
epoch 128 1538 2048 27632 309975520.0
epoch 129 1047 1024 16540 128557504.0
epoch 130 1156 1024 18188 191852384.0
epoch 131 1132 1024 17792 127068992.0
epoch 132 2067 2048 37004 220246912.0
epoch 133 993 1024 15856 455845888.0
epoch 134 2095 2048 37396 253603104.0
epoch 135 1035 1024 16428 306282816.0
epoch 136 1802 2048 32816 600830720.0
epoch 137 1970 2048 35864 678431104.0
epoch 138 1173 1024 18808 412007808.0
epoch 139 1648 2048 28952 66578880.0
epoch 140 1048 1024 16544 258380864.0
epoch 141 1622 2048 29292 740362304.0
epoch 142 1814 2048 32892 497831296.0
epoch 143 1311 2048 23756 710396928.0
epoch 144 1023 1024 16268 385270656.0
epoch 145 1736 2048 31772 616788544.0
epoch 146 947 1024 15132 651213056.0
epoch 147 994 1024 15836 390862080.0
epoch 148 1127 1024 17732 252835760.0
epoch 149 1128 1024 17512 91848480.0
epoch 150 1862 2048 33532 118966320.0
epoch 151 1431 2048 25980 665473344.0
epoch 152 1048 1024 16548 486274304.0
epoch 153 1892 2048 34716 725532672.0
epoch 154 1983 2048 35636 393823616.0
epoch 155 1608 2048 28424 418582016.0
epoch 156 1527 2048 27356 366600640.0
epoch 157 911 1024 14156 316501440.0
epoch 158 1396 2048 25120 300298688.0
epoch 159 1106 1024 17288 180445504.0
epoch 160 1470 2048 26380 169254672.0
epoch 161 993 1024 15832 218641296.0
epoch 162 1065 1024 16696 44403292.0
epoch 163 1025 1024 16280 175417472.0
epoch 164 1159 1024 18204 56763348.0
epoch 165 2018 2048 36360 427214336.0
epoch 166 1606 2048 28440 318443264.0
epoch 167 1569 2048 27868 39935200.0
epoch 168 1820 2048 32964 605078656.0
epoch 169 1559 2048 27780 415947520.0
epoch 170 1931 2048 35116 605812864.0
epoch 171 1051 1024 16572 401006272.0
epoch 172 1802 2048 32780 484801184.0
epoch 173 1787 2048 32592 734501760.0
epoch 174 1052 1024 16580 835969856.0
epoch 175 821 1024 12728 329048256.0
epoch 176 1546 2048 27660 213842720.0
epoch 177 1804 2048 32816 301632448.0
epoch 178 1587 2048 28232 678634496.0
epoch 179 2061 2048 36936 405448864.0
epoch 180 675 1024 10716 1340958080.0
epoch 181 1064 1024 16740 285469824.0
epoch 182 1951 2048 35308 683945344.0
epoch 183 1806 2048 32840 648737024.0
epoch 184 1073 1024 16920 447729600.0
epoch 185 1047 1024 16540 357982016.0
epoch 186 1626 2048 28604 86287400.0
epoch 187 1551 2048 27724 631191936.0
epoch 188 1107 1024 17292 168099088.0
epoch 189 1388 2048 24704 127928648.0
epoch 190 2523 4096 51388 854457600.0
epoch 191 1028 1024 16364 602059648.0
epoch 192 1157 1024 18156 173512928.0
epoch 193 923 1024 14764 517956800.0
epoch 194 1807 2048 32844 269132992.0
epoch 195 1551 2048 27724 534015840.0
epoch 196 604 512 8132 335919360.0
epoch 197 1632 2048 28888 190852688.0
epoch 198 1044 1024 16512 222025472.0
epoch 199 1071 1024 16788 266626080.0
epoch 200 1940 2048 35200 651662208.0
epoch 201 1059 1024 16652 227703488.0
epoch 202 1091 1024 17372 406033216.0
epoch 203 1677 2048 31024 860801664.0
epoch 204 2088 2048 37176 82233464.0
epoch 205 1110 1024 17308 215444864.0
epoch 206 2009 2048 36240 1582716928.0
epoch 207 1789 2048 32520 3132778496.0
epoch 208 988 1024 15804 2446213376.0
epoch 209 980 1024 15712 1810900480.0
epoch 210 1492 2048 26976 1957861120.0
epoch 211 808 1024 12552 739213696.0
epoch 212 1052 1024 16576 319531392.0
epoch 213 1872 2048 34380 1699656704.0
epoch 214 1965 2048 35464 795217280.0
epoch 215 1098 1024 17196 513389696.0
epoch 216 1750 2048 32120 3039350784.0
epoch 217 1095 1024 17156 771095808.0
epoch 218 1671 2048 29468 1720822144.0
epoch 219 1184 1024 18424 157167616.0
epoch 220 2869 4096 57816 2979381504.0
epoch 221 1581 2048 28040 2125503744.0
epoch 222 1610 2048 29216 7409444864.0
epoch 223 1432 2048 25996 6065531392.0
epoch 224 1074 1024 16924 1686042880.0
epoch 225 1927 2048 34588 1951083904.0
epoch 226 784 1024 12364 3992686848.0
epoch 227 2045 2048 36744 1245356160.0
epoch 228 1022 1024 16264 1603339776.0
epoch 229 1817 2048 32936 1329981824.0
epoch 230 1836 2048 33144 622635264.0
epoch 231 1902 2048 34780 1960112384.0
epoch 232 1802 2048 32816 3066117120.0
epoch 233 1549 2048 27676 801712896.0
epoch 234 1749 2048 32104 1546373888.0
epoch 235 969 1024 15212 647094528.0
epoch 236 1953 2048 35292 590236544.0
epoch 237 1554 2048 27740 803318656.0
epoch 238 2012 2048 36292 1063100416.0
epoch 239 1813 2048 32912 1720778368.0
epoch 240 549 512 7416 1211834624.0
epoch 241 847 1024 13132 436735104.0
epoch 242 603 512 8172 296181568.0
epoch 243 1628 2048 28616 422208192.0
epoch 244 1593 2048 28140 124422272.0
epoch 245 1928 2048 35100 1704463360.0
epoch 246 1027 1024 16348 805739776.0
epoch 247 1135 1024 17932 489972032.0
epoch 248 1089 1024 17052 1251975.875
epoch 249 2181 2048 38680 266817008.0
epoch 250 1573 2048 27928 2423680000.0
epoch 251 1160 1024 18208 1010139904.0
epoch 252 1043 1024 16480 308002752.0
epoch 253 1568 2048 27864 120035936.0
epoch 254 1623 2048 28828 492812800.0
epoch 255 2337 4096 48344 1470336512.0
epoch 256 1145 1024 18528 449187904.0
epoch 257 1676 2048 29504 101586192.0
epoch 258 800 1024 12488 803102592.0
epoch 259 1932 2048 35132 477921312.0
epoch 260 2038 2048 36668 172815008.0
epoch 261 1135 1024 17932 519539296.0
epoch 262 2069 2048 37016 509412096.0
epoch 263 2099 2048 37676 454022880.0
epoch 264 935 1024 14428 884700416.0
epoch 265 1057 1024 16688 69131152.0
epoch 266 1697 2048 31192 994578944.0
epoch 267 1300 1024 20600 315306176.0
epoch 268 1559 2048 27780 376837504.0
epoch 269 1066 1024 16872 204720656.0
epoch 270 1245 1024 19912 100215184.0
epoch 271 1926 2048 35088 486785248.0
epoch 272 1068 1024 16760 476370816.0
epoch 273 1539 2048 27612 390592512.0
epoch 274 2949 4096 59096 4451543040.0
epoch 275 1036 1024 16432 1909897600.0
epoch 276 2014 2048 36300 1598768000.0
epoch 277 1970 2048 35864 3499554816.0
epoch 278 1944 2048 35208 2880710656.0
epoch 279 1545 2048 27680 5378503168.0
epoch 280 2006 2048 36248 4130516224.0
epoch 281 1928 2048 35016 3802785024.0
epoch 282 565 512 7728 1983274240.0
epoch 283 1047 1024 16540 1952972544.0
epoch 284 1814 2048 32892 1945805568.0
epoch 285 1087 1024 17100 646555776.0
epoch 286 1015 1024 16008 1413463552.0
epoch 287 3092 4096 61588 3157117184.0
epoch 288 1556 2048 27788 2161613568.0
epoch 289 1552 2048 27732 2413088768.0
epoch 290 1069 1024 16776 949978688.0
epoch 291 908 1024 14636 2128247552.0
epoch 292 1074 1024 16812 21546124.0
epoch 293 1056 1024 16684 492730272.0
epoch 294 1016 1024 16192 133541744.0
epoch 295 1112 1024 17544 128773936.0
epoch 296 906 1024 14624 736019712.0
epoch 297 1551 2048 27724 495996544.0
epoch 298 1743 2048 31820 1465004544.0
epoch 299 1086 1024 17036 127186376.0
epoch 300 555 512 7448 462247648.0
epoch 301 2044 2048 36796 633283264.0
epoch 302 3025 4096 60760 1836263424.0
epoch 303 814 1024 12680 3221364992.0
epoch 304 1817 2048 32936 1333864576.0
epoch 305 806 1024 12540 2623950336.0
epoch 306 2950 4096 59100 2147197696.0
epoch 307 987 1024 15760 968364032.0
epoch 308 2134 2048 38044 817150464.0
epoch 309 1039 1024 16460 841197312.0
epoch 310 1919 2048 34956 1998108416.0
epoch 311 1059 1024 16652 1129222144.0
epoch 312 2052 2048 36840 1111168512.0
epoch 313 1813 2048 32888 1599776640.0
epoch 314 1841 2048 33192 1761673216.0
epoch 315 1703 2048 30300 1189122560.0
epoch 316 1054 1024 16588 1008835328.0
epoch 317 1553 2048 27736 1413429120.0
epoch 318 2027 2048 36564 1034074240.0
epoch 319 601 512 8104 1121291264.0
epoch 320 2027 2048 36588 1899865216.0
epoch 321 1040 1024 16476 971514944.0
epoch 322 1676 2048 29504 681352256.0
epoch 323 1748 2048 32096 1520759040.0
epoch 324 1043 1024 16492 899300992.0
epoch 325 2553 4096 52040 2822424064.0
epoch 326 1627 2048 28516 882834432.0
epoch 327 1344 1024 22056 325960384.0
epoch 328 1553 2048 27736 295246784.0
epoch 329 1040 1024 16464 181128768.0
epoch 330 1643 2048 29052 301276800.0
epoch 331 1664 2048 29336 54256292.0
epoch 332 1645 2048 29176 370820128.0
epoch 333 1718 2048 31420 375222304.0
epoch 334 774 1024 12204 546266112.0
epoch 335 1631 2048 28884 730746496.0
epoch 336 1292 1024 20544 21956700.0
epoch 337 1806 2048 31820 688802048.0
epoch 338 1939 2048 35180 578972672.0
epoch 339 1937 2048 35160 1893910656.0
epoch 340 1520 2048 27404 2220766208.0
epoch 341 1049 1024 16552 878218880.0
epoch 342 1193 1024 18988 639871424.0
epoch 343 1144 1024 17904 81975792.0
epoch 344 1557 2048 27768 989689984.0
epoch 345 2043 2048 36732 1267052800.0
epoch 346 1965 2048 35824 2452616960.0
epoch 347 2061 2048 36936 2297126912.0
epoch 348 1048 1024 16544 2015012992.0
epoch 349 2885 4096 58848 23276679168.0
epoch 350 1665 2048 29400 25645228032.0
epoch 351 1569 2048 27880 12192004096.0
epoch 352 1292 2048 23596 20851716096.0
epoch 353 985 1024 15776 10049601536.0
epoch 354 917 1024 14704 7891975168.0
epoch 355 1316 2048 23784 3176013312.0
epoch 356 1998 2048 36168 5217645568.0
epoch 357 1023 1024 16156 2190165760.0
epoch 358 1926 2048 35052 1131687296.0
epoch 359 1618 2048 28764 405994784.0
epoch 360 1290 1024 20536 902112000.0
epoch 361 1587 2048 28204 1576089984.0
epoch 362 1026 1024 16284 195256992.0
epoch 363 2037 2048 36568 281664672.0
epoch 364 1055 1024 16680 1896918016.0
epoch 365 1086 1024 17288 1111591424.0
epoch 366 1840 2048 33176 1928791552.0
epoch 367 1048 1024 16520 144672224.0
epoch 368 1535 2048 27532 1324778496.0
epoch 369 2061 2048 36936 669235008.0
epoch 370 2050 2048 36828 778129152.0
epoch 371 1650 2048 29212 1155978880.0
epoch 372 1552 2048 27728 2447178752.0
epoch 373 1431 2048 25980 5103867392.0
epoch 374 782 1024 12172 1616468352.0
epoch 375 1998 2048 36168 3604753920.0
epoch 376 1047 1024 16540 1724557568.0
epoch 377 1039 1024 16460 980454208.0
epoch 378 1577 2048 28128 313125440.0
epoch 379 1078 1024 16860 94346032.0
epoch 380 1543 2048 27612 2287188480.0
epoch 381 1068 1024 16772 938151232.0
epoch 382 919 1024 14716 1461270656.0
epoch 383 1566 2048 27852 237440352.0
epoch 384 928 1024 14804 1047292416.0
epoch 385 1082 1024 17004 14613958.0
epoch 386 834 1024 12956 41343784.0
epoch 387 1069 1024 16776 1781858.5
epoch 388 991 1024 15820 326697216.0
epoch 389 2070 2048 37020 107458224.0
epoch 390 1038 1024 16456 1514605952.0
epoch 391 1809 2048 32856 246140640.0
epoch 392 1995 2048 36140 1195552768.0
epoch 393 1167 1024 18268 389663936.0
epoch 394 979 1024 15708 1834722304.0
epoch 395 2034 2048 36664 521637888.0
epoch 396 2194 2048 38796 107353176.0
epoch 397 1134 1024 17916 1014420288.0
epoch 398 2374 2048 41652 537643904.0
epoch 399 875 1024 14184 3430372352.0
epoch 400 1024 1024 16248 349396288.0
epoch 401 1579 2048 28140 802894080.0
epoch 402 2068 2048 36984 280932992.0
epoch 403 765 1024 12156 3970245632.0
epoch 404 1358 2048 25136 3550037504.0
epoch 405 1035 1024 16428 925042560.0
epoch 406 561 512 7576 1005056896.0
epoch 407 956 1024 15468 524816768.0
epoch 408 2048 2048 36820 813549568.0
epoch 409 2202 4096 46472 11294128128.0
epoch 410 1066 1024 16748 1450495744.0
epoch 411 2090 2048 37244 477471072.0
epoch 412 2173 2048 39044 1427800576.0
epoch 413 1637 2048 29432 4322069504.0
epoch 414 2650 4096 53480 3742900992.0
epoch 415 1489 2048 26960 4115331840.0
epoch 416 2834 4096 57436 4380462592.0
epoch 417 1939 2048 34676 2559752704.0
epoch 418 2062 2048 36940 2664981504.0
epoch 419 1195 1024 18504 2532299520.0
epoch 420 1632 2048 28888 2358611200.0
epoch 421 1017 1024 16224 2666093056.0
epoch 422 1738 2048 32032 3697614592.0
epoch 423 1811 2048 32868 1206760448.0
epoch 424 1236 1024 19816 97470752.0
epoch 425 1047 1024 16540 946013184.0
epoch 426 1821 2048 33024 2021967104.0
epoch 427 938 1024 14892 854132288.0
epoch 428 1812 2048 32884 3460185856.0
epoch 429 2050 2048 36828 676994048.0
epoch 430 1698 2048 30216 4367880704.0
epoch 431 1824 2048 33164 2772150016.0
epoch 432 1022 1024 16140 2163010048.0
epoch 433 2055 2048 36892 774553600.0
epoch 434 1558 2048 27772 747653312.0
epoch 435 1008 1024 16140 858749312.0
epoch 436 1888 2048 34516 1656194048.0
epoch 437 2062 2048 36940 3851333120.0
epoch 438 1885 2048 34048 3571223552.0
epoch 439 1042 1024 16476 3425934848.0
epoch 440 1421 2048 25916 4096365056.0
epoch 441 1060 1024 16632 948045696.0
epoch 442 1966 2048 35412 142237632.0
epoch 443 2061 2048 36924 1318673408.0
epoch 444 1422 2048 25416 2350256128.0
epoch 445 1939 2048 35208 1343001856.0
epoch 446 2003 2048 36220 1423047936.0
epoch 447 2055 2048 36892 1080984064.0
epoch 448 1305 2048 23688 2530927104.0
epoch 449 1935 2048 35148 792673920.0
epoch 450 2029 2048 36488 1119353344.0
epoch 451 1808 2048 32848 6366258176.0
epoch 452 1065 1024 16864 3243029504.0
epoch 453 1940 2048 35128 1228801536.0
epoch 454 925 1024 14844 4487952384.0
epoch 455 919 1024 14716 3229803520.0
epoch 456 857 512 12428 112800664.0
epoch 457 1811 2048 32868 528680064.0
epoch 458 1025 1024 16276 438739712.0
epoch 459 1815 2048 32924 242790304.0
epoch 460 2034 2048 36636 233969024.0
epoch 461 1129 1024 17888 455596896.0
epoch 462 1931 2048 35116 323034752.0
epoch 463 942 1024 14972 478153632.0
epoch 464 2030 2048 36616 547594752.0
epoch 465 2185 2048 40224 2077575296.0
epoch 466 2524 4096 51396 6224363520.0
epoch 467 1101 1024 17224 927885056.0
epoch 468 3840 4096 77776 17258266624.0
epoch 469 1302 2048 23660 10423691264.0
epoch 470 1035 1024 16428 5969537536.0
epoch 471 1524 2048 27424 5784607744.0
epoch 472 1536 2048 27424 2647914240.0
epoch 473 783 1024 12360 5098146304.0
epoch 474 1049 1024 16552 2041570944.0
epoch 475 920 1024 14720 2392745728.0
epoch 476 1830 2048 33052 372594496.0
epoch 477 1039 1024 16460 1225766656.0
epoch 478 1085 1024 17032 116218504.0
epoch 479 1936 2048 35152 627201728.0
epoch 480 1045 1024 16504 284535520.0
epoch 481 2054 2048 36888 2408978688.0
epoch 482 918 1024 14700 1318357248.0
epoch 483 2053 2048 36880 1938965504.0
epoch 484 1041 1024 16472 1354574592.0
epoch 485 2034 2048 36648 1712034816.0
epoch 486 1956 2048 35320 1273265280.0
epoch 487 1038 1024 16456 3082455296.0
epoch 488 2057 2048 36904 2880080896.0
epoch 489 1751 2048 32148 3933012480.0
epoch 490 1318 2048 23804 5655679488.0
epoch 491 1033 1024 16416 4269738752.0
epoch 492 786 1024 12348 1840809600.0
epoch 493 2055 2048 36892 444144640.0
epoch 494 2023 2048 36444 760484288.0
epoch 495 1687 2048 29588 1618497280.0
epoch 496 1061 1024 16720 1378593792.0
epoch 497 1225 1024 19744 1034550784.0
epoch 498 1051 1024 16572 698808256.0
epoch 499 1554 2048 27752 698331264.0
epoch 500 1823 2048 33004 1115184128.0